Cavpor_AccNumber	Hhyd_Code	Marmota	Squirrel	Castor	KangRat	Jerboa	BMRat	DeerMouse	Hamster	Vole	Rat 	Mouse	GuineaPig	Capybara	Degu	Chinchilla	NMRat
XM_003468730	s5_000104312	0.023805	0.001676	0.037137	0.037780	0.027384	0.051603	0.005944	0.029231	0.029951	0.015188	0.006668	0.026708	0.008175	0.028194	0.013791	0.019516
XM_003466227	s5_000318586	0.012830	0.002415	0.042683	0.062936	0.083541	0.055318	0.026701	0.030430	0.035482	0.036538	0.021240	0.030659	0.031453	0.049815	0.019233	0.029098
XM_003466237	s5_000339789	0.000003	0.000940	0.018462	0.014291	0.011099	0.007739	0.003584	0.001527	0.004387	0.006283	0.006917	0.006647	0.010458	0.009886	0.010487	0.012862
XM_003466290	s5_000429303	0.000001	0.000001	0.001843	0.003095	0.008353	0.003544	0.000018	0.001636	0.000013	0.006741	0.003339	0.003331	0.000004	0.000012	0.006612	0.000006
XM_003480112	s5_000506153	0.000002	0.000000	0.000018	0.000016	0.002797	0.000015	0.000026	0.000023	0.000021	0.000010	0.000006	0.000003	0.002907	0.000027	0.000017	0.000007
XM_003472925	s5_000572608	0.005786	0.003161	0.041511	0.044773	0.071440	0.020229	0.014862	0.011931	0.020617	0.014230	0.014820	0.012440	0.014088	0.022363	0.023047	0.055490
XM_003463820	s5_000861457	0.004746	0.008316	0.014318	0.030808	0.048855	0.044083	0.022933	0.017488	0.031820	0.031218	0.022605	0.004346	0.012990	0.021908	0.012186	0.029377
XM_003467554	s5_000932473	0.007925	0.005568	0.024945	0.040146	0.055643	0.028497	0.013654	0.028939	0.029005	0.020404	0.016838	0.016109	0.007958	0.028959	0.006336	0.035294
XM_003471013	s5_000951325	0.010407	0.001749	0.027013	0.047669	0.038418	0.029148	0.020984	0.013317	0.022130	0.005013	0.025998	0.008534	0.010375	0.016300	0.014442	0.012420
XM_003464577	s5_001060381	0.002082	0.001036	0.004142	0.004132	0.003143	0.003083	0.000945	0.003042	0.001156	0.002133	0.000008	0.000015	0.003131	0.001581	0.005571	0.005805
XM_003466536	s10_000975325	0.001446	0.004588	0.035283	0.031760	0.025277	0.024804	0.000011	0.009414	0.010864	0.002239	0.010729	0.012850	0.019535	0.028789	0.017119	0.020201
XM_003464682	s5_001085589	0.000003	0.000000	0.001073	0.007139	0.005449	0.002238	0.004986	0.004618	0.002988	0.000005	0.001148	0.003305	0.000006	0.001097	0.002135	0.000011
XM_003465082	s5_001186263	0.000001	0.003028	0.018064	0.027760	0.011355	0.018808	0.024735	0.005342	0.012476	0.018683	0.006035	0.002909	0.008750	0.000016	0.000006	0.005758
XM_003465166	s5_001217541	0.001672	0.000817	0.008294	0.013736	0.021442	0.013474	0.004892	0.005899	0.012202	0.003590	0.005422	0.004483	0.006211	0.011329	0.007388	0.017555
XM_003473914	s6_000047136	0.000000	0.000002	0.000019	0.053766	0.034176	0.005382	0.000008	0.016699	0.005649	0.016217	0.005340	0.016032	0.032366	0.005095	0.010400	0.010674
XM_003473857	s6_000155348	0.000001	0.004470	0.040127	0.085911	0.067350	0.030006	0.013528	0.019542	0.019729	0.011034	0.009445	0.018038	0.005588	0.025408	0.032909	0.024519
XM_003473844	s6_000180316	0.000002	0.000002	0.001528	0.005993	0.009245	0.001558	0.004663	0.003124	0.003131	0.003207	0.003165	0.000006	0.002997	0.003005	0.004439	0.002949
XM_003473799	s6_000258118	0.000002	0.000001	0.023645	0.036033	0.014706	0.036329	0.005245	0.015426	0.016241	0.005364	0.000016	0.022584	0.000004	0.011160	0.011128	0.028174
XM_003478237	s6_000624810	0.000001	0.000004	0.004917	0.009824	0.010002	0.006352	0.003307	0.003361	0.003386	0.001709	0.003414	0.003342	0.001638	0.003260	0.003198	0.003214
XM_003477857	s6_000638333	0.001494	0.000006	0.004404	0.002963	0.006066	0.009255	0.001534	0.004607	0.000005	0.000009	0.001534	0.013634	0.002962	0.000010	0.000010	0.008749
XM_003471291	s6_000773258	0.002137	0.006412	0.028830	0.031440	0.051104	0.025536	0.021956	0.030958	0.017987	0.024532	0.018370	0.005451	0.011882	0.010601	0.008201	0.019368
XM_003466642	s10_001041184	0.000002	0.000004	0.002293	0.000041	0.002342	0.000012	0.004760	0.004713	0.000013	0.000004	0.000005	0.002330	0.000002	0.000012	0.000008	0.004555
XM_013153789	s6_000821641	0.020517	0.001179	0.004414	0.007244	0.007460	0.005291	0.000014	0.003918	0.005122	0.005264	0.005217	0.009058	0.003869	0.003847	0.006286	0.008833
XM_013153946	s6_000882182	0.015347	0.002535	0.021985	0.056023	0.044524	0.049859	0.017944	0.016729	0.044710	0.058028	0.041641	0.023518	0.022215	0.006264	0.025744	0.036204
XM_003471483	s6_000910359	0.000002	0.001521	0.002446	0.032188	0.014211	0.004397	0.007451	0.011947	0.008732	0.007559	0.004493	0.000003	0.001506	0.002967	0.001476	0.007459
XM_003472859	s6_001008534	0.003379	0.002253	0.013754	0.017994	0.014404	0.012730	0.012388	0.005443	0.006579	0.015159	0.002681	0.003542	0.012040	0.009018	0.003123	0.016985
XM_003466128	s6_001222536	0.000934	0.000923	0.010762	0.015135	0.008280	0.006964	0.003797	0.001839	0.002853	0.000961	0.001923	0.003165	0.000766	0.008226	0.005047	0.016127
XM_003466149	s6_001258542	0.004170	0.006880	0.036188	0.052789	0.077172	0.059285	0.031427	0.030484	0.068099	0.035318	0.021337	0.044738	0.033036	0.040680	0.028038	0.059027
XM_003470240	s6_001465682	0.000750	0.000001	0.001505	0.006808	0.013879	0.000755	0.000756	0.002051	0.001119	0.002271	0.004565	0.000752	0.002261	0.004578	0.000753	0.000752
XM_003470106	s6_001538343	0.001268	0.000005	0.007104	0.016914	0.017213	0.009963	0.004087	0.005489	0.004178	0.007024	0.001380	0.006686	0.003632	0.003754	0.001494	0.004170
XM_003470067	s6_001550591	0.001129	0.001119	0.004525	0.007550	0.007233	0.008690	0.002395	0.003689	0.001251	0.001267	0.000007	0.004489	0.003354	0.001113	0.003186	0.006529
XM_003474496	s6_001601263	0.000001	0.002247	0.004470	0.011348	0.011496	0.004472	0.008747	0.008920	0.006532	0.006670	0.001673	0.000005	0.002187	0.013069	0.006513	0.002195
XM_013155451	s10_001145267	0.007585	0.025053	0.031538	0.069199	0.047715	0.076808	0.077547	0.048182	0.022974	0.124755	0.095618	0.044800	0.022461	0.062556	0.026243	0.109798
XM_003474401	s6_001652595	0.001881	0.005106	0.018086	0.039966	0.033344	0.033495	0.005012	0.012724	0.023974	0.012854	0.013369	0.017184	0.009975	0.027443	0.021016	0.015823
XM_003465251	s6_001861261	0.002808	0.005667	0.025571	0.021011	0.021618	0.021271	0.005371	0.008144	0.013909	0.005348	0.010971	0.004982	0.007668	0.022739	0.000004	0.009375
XM_003464551	s6_001922357	0.000001	0.005163	0.007944	0.029182	0.010359	0.008653	0.021776	0.025561	0.006517	0.007827	0.012575	0.002545	0.007649	0.015631	0.007654	0.012728
XM_005001675	s6_002394281	0.003705	0.005608	0.020935	0.011023	0.022956	0.012999	0.003766	0.011366	0.011321	0.001861	0.003779	0.011577	0.005703	0.010132	0.046082	0.011241
XM_005004705	s7_000350313	0.000000	0.000000	0.000014	0.000008	0.000019	0.000055	0.000003	0.000011	0.000005	0.000002	0.000004	0.000009	0.000006	0.001317	0.003850	0.000011
XM_003472194	s7_000407564	0.005539	0.008398	0.017680	0.041761	0.029830	0.044496	0.010694	0.012819	0.012417	0.008546	0.021088	0.014912	0.019815	0.023325	0.007255	0.029149
XM_003477196	s7_000488381	0.000001	0.002853	0.015898	0.012762	0.015990	0.012835	0.008558	0.014351	0.008579	0.000010	0.007076	0.004291	0.004205	0.007879	0.009428	0.011422
XM_003474315	s7_000711763	0.000747	0.000003	0.005603	0.007144	0.004732	0.020233	0.003924	0.007441	0.002192	0.005285	0.004521	0.003622	0.002505	0.005820	0.005007	0.008254
XM_013155245	s7_001100174	0.006666	0.000003	0.010253	0.013646	0.020380	0.027806	0.006855	0.006819	0.010234	0.011640	0.005631	0.006686	0.010049	0.015624	0.007874	0.020243
XM_003472489	s7_001184470	0.002667	0.032281	0.002891	0.009502	0.012253	0.004128	0.004822	0.005941	0.010578	0.004970	0.004687	0.006652	0.003483	0.019403	0.004158	0.006794
XM_003472636	s10_001232232	0.000002	0.000002	0.002992	0.011391	0.002965	0.005957	0.000007	0.000009	0.000006	0.009344	0.000004	0.002888	0.002930	0.000009	0.000008	0.000011
XM_003463053	s7_001217420	0.001155	0.000000	0.001155	0.005883	0.003929	0.005358	0.000005	0.003463	0.002300	0.003476	0.000001	0.000003	0.000004	0.006958	0.000002	0.002307
XM_013146218	s7_001274537	0.010753	0.011609	0.074952	0.071842	0.093531	0.058449	0.029773	0.022805	0.027280	0.034430	0.021228	0.027468	0.026452	0.033822	0.034920	0.053589
XM_003467293	s7_001457954	0.002564	0.001102	0.015069	0.028539	0.034814	0.035206	0.008080	0.008358	0.011399	0.010663	0.006600	0.010419	0.005124	0.017233	0.007128	0.012071
XM_003467166	s7_001585313	0.000002	0.000000	0.026754	0.042899	0.033311	0.038057	0.009478	0.013285	0.004067	0.005828	0.007749	0.003997	0.009002	0.012010	0.010360	0.016585
XM_003469542	s7_001635989	0.001410	0.000466	0.009033	0.006003	0.010454	0.010503	0.007213	0.003830	0.005760	0.004326	0.001439	0.003100	0.002593	0.005752	0.004067	0.003460
XM_003463001	s7_002287257	0.005687	0.000002	0.005784	0.005652	0.002812	0.000023	0.002864	0.000009	0.002879	0.000017	0.000009	0.000010	0.008651	0.000030	0.000018	0.000020
XM_004999926	s7_002296538	0.004867	0.003277	0.059261	0.051652	0.061515	0.070266	0.049010	0.064480	0.059834	0.034982	0.032482	0.021922	0.008189	0.034022	0.031731	0.024679
XM_003476901	s8_000055359	0.000004	0.000002	0.000030	0.000045	0.000053	0.000022	0.000010	0.000013	0.000008	0.000009	0.000007	0.000015	0.000005	0.000022	0.000014	0.000013
XM_013150643	s8_000189476	0.000002	0.000003	0.007896	0.014112	0.002317	0.008414	0.001084	0.006550	0.003315	0.000009	0.001083	0.000012	0.001093	0.003245	0.002156	0.001075
XM_003468969	s8_000422454	0.001028	0.002463	0.013137	0.025334	0.039279	0.017203	0.016317	0.011722	0.014097	0.011602	0.025259	0.012800	0.006263	0.015287	0.011790	0.017141
XM_003476634	s10_001305331	0.000005	0.001818	0.023894	0.055013	0.047132	0.039899	0.007704	0.029589	0.027842	0.007797	0.018393	0.014103	0.011992	0.025159	0.009935	0.025592
XM_003468494	s8_000801353	0.002578	0.015051	0.025072	0.074118	0.077680	0.028523	0.021276	0.025906	0.016498	0.013377	0.019903	0.015367	0.026561	0.051059	0.017585	0.016672
XM_003468455	s8_000837422	0.005125	0.003420	0.022628	0.030349	0.046166	0.020717	0.027171	0.023226	0.016368	0.005496	0.013728	0.011955	0.009872	0.006793	0.015084	0.011666
XM_003464486	s8_000980374	0.000001	0.000001	0.000012	0.000008	0.001556	0.000009	0.000011	0.000005	0.000006	0.000005	0.000005	0.000011	0.000007	0.001576	0.001575	0.001570
XM_003479249	s8_001215406	0.000001	0.000002	0.010573	0.049198	0.011614	0.003971	0.000014	0.008824	0.010196	0.005382	0.010280	0.003895	0.002596	0.006445	0.014267	0.007707
XM_004999861	s8_001912479	0.003054	0.007969	0.035472	0.104470	0.052099	0.035390	0.007149	0.012593	0.020816	0.013711	0.017379	0.027439	0.022492	0.019935	0.019030	0.023806
XM_003478023	s8_001967611	0.002627	0.000002	0.011702	0.001300	0.012845	0.009158	0.003912	0.000008	0.005281	0.001302	0.003923	0.005111	0.008760	0.001317	0.005309	0.023845
XM_005008504	s8_002151339	0.000005	0.000006	0.006097	0.009912	0.003984	0.004079	0.006134	0.004120	0.004227	0.000016	0.004223	0.002034	0.004106	0.000015	0.000004	0.006200
XM_003471353	s8_002154503	0.002108	0.000002	0.007391	0.009490	0.007384	0.007154	0.000974	0.005060	0.007007	0.004322	0.002903	0.007127	0.004102	0.006240	0.005201	0.006309
XM_013153269	s8_002408738	0.001941	0.002659	0.011573	0.015333	0.010253	0.014868	0.004115	0.014117	0.006273	0.004663	0.004845	0.008044	0.007187	0.009250	0.009113	0.009615
XM_003470641	s8_002448329	0.005882	0.000003	0.022466	0.026655	0.024459	0.020996	0.002749	0.018563	0.015540	0.006445	0.012417	0.014794	0.022485	0.026606	0.005489	0.015558
XM_003467779	s10_001374494	0.001914	0.000949	0.014064	0.026147	0.013037	0.015189	0.002994	0.005063	0.004989	0.009073	0.008038	0.003019	0.005046	0.006964	0.004924	0.013107
XM_003475368	s8_002663203	0.000002	0.000001	0.004165	0.004521	0.000019	0.000014	0.000011	0.004167	0.000016	0.000005	0.004118	0.000006	0.003957	0.007871	0.000006	0.000024
XM_003477618	s9_000016983	0.000001	0.000001	0.007230	0.009165	0.008980	0.003260	0.000654	0.002617	0.001983	0.001966	0.001308	0.001284	0.000641	0.002589	0.000644	0.001934
XM_003475114	s9_000124289	0.000002	0.001594	0.006286	0.004694	0.009350	0.007850	0.000003	0.000002	0.004693	0.004754	0.000000	0.000002	0.001568	0.013946	0.004638	0.006261
XM_003479155	s9_000311382	0.000002	0.000000	0.001748	0.031475	0.005287	0.000017	0.000011	0.003419	0.000011	0.001765	0.003516	0.000006	0.005608	0.000015	0.000005	0.001830
XM_003475157	s9_000463605	0.002616	0.003525	0.029475	0.031341	0.025452	0.023308	0.010968	0.011768	0.014305	0.009334	0.007646	0.011028	0.006333	0.024333	0.018547	0.022319
XM_003475166	s9_000479652	0.000002	0.000001	0.001396	0.003467	0.004880	0.001413	0.002119	0.000701	0.000709	0.000711	0.001427	0.000005	0.000004	0.001427	0.000004	0.004252
XM_003475053	s9_000494176	0.000003	0.003462	0.054329	0.077865	0.042631	0.050135	0.019407	0.038290	0.014039	0.018529	0.033885	0.032068	0.017702	0.010134	0.016804	0.027573
XM_003465269	s9_001348204	0.009996	0.002482	0.030396	0.007415	0.030304	0.025533	0.002486	0.000006	0.015184	0.000007	0.002532	0.006197	0.049419	0.020351	0.009962	0.017676
XM_003460988	s9_001585248	0.000002	0.004305	0.024353	0.039317	0.023856	0.046925	0.017136	0.022793	0.010609	0.011552	0.007387	0.024962	0.039412	0.011317	0.002352	0.011429
XM_003477222	s10_002236714	0.003856	0.002248	0.025230	0.020854	0.033557	0.019252	0.006672	0.018113	0.007136	0.007355	0.008295	0.012668	0.004148	0.014548	0.027902	0.013753
XM_003471879	s10_001464303	0.002116	0.000000	0.002097	0.006439	0.004671	0.007917	0.010425	0.004113	0.006194	0.002065	0.004198	0.006109	0.000007	0.005694	0.004395	0.010251
XM_003472841	s1_000926420	0.001425	0.001379	0.027252	0.045537	0.036826	0.038687	0.010906	0.014253	0.012253	0.005454	0.008398	0.005647	0.040134	0.033287	0.017159	0.028571
XM_003472809	s1_000931270	0.000377	0.007755	0.042816	0.056382	0.053263	0.041191	0.032226	0.027898	0.039113	0.028563	0.017956	0.041902	0.020385	0.039801	0.019562	0.024353
XM_003477095	s2_000256492	0.000002	0.000000	0.007177	0.003592	0.001810	0.000011	0.000006	0.000003	0.000004	0.000004	0.003641	0.000012	0.003470	0.001740	0.005125	0.001723
XM_013155631	s3_001494183	0.000002	0.000001	0.002987	0.011912	0.005833	0.002919	0.000003	0.002959	0.000008	0.000006	0.002972	0.000007	0.000007	0.000018	0.005965	0.009099
XM_003472918	s5_000590299	0.000000	0.000002	0.011623	0.002903	0.005736	0.000005	0.002834	0.002853	0.002846	0.005765	0.000007	0.002809	0.000006	0.002808	0.002809	0.005693
XM_003473720	s6_000016273	0.016370	0.004425	0.024926	0.027805	0.021616	0.011515	0.005984	0.006836	0.010472	0.016105	0.017329	0.015234	0.018529	0.022599	0.012208	0.049833
XM_003474295	s6_001637206	0.002406	0.000001	0.004697	0.011840	0.019091	0.009579	0.002267	0.004885	0.014562	0.007330	0.007111	0.015686	0.009571	0.020823	0.007328	0.012087
XM_003469585	s7_001668260	0.003591	0.000001	0.010542	0.040234	0.010723	0.010732	0.007153	0.007145	0.000002	0.007286	0.003701	0.000004	0.007047	0.006966	0.000002	0.007009
XM_003473944	s7_002451367	0.000001	0.000001	0.000017	0.000022	0.000020	0.000027	0.000013	0.000023	0.000009	0.000018	0.000019	0.000013	0.000010	0.000026	0.000015	0.000022
XM_003480039	s3_000161120	0.000005	0.000000	0.013708	0.009035	0.004445	0.008768	0.008275	0.039712	0.021772	0.040006	0.000011	0.010731	0.096913	0.000010	0.013429	0.043027
XM_003474180	s10_001632186	0.000000	0.005224	0.024905	0.038970	0.051904	0.023760	0.007697	0.021675	0.024257	0.011538	0.024104	0.009963	0.007324	0.035401	0.010628	0.018359
XM_003471848	s1_001173483	0.001746	0.000000	0.008800	0.012654	0.017709	0.005513	0.003509	0.003504	0.007027	0.003502	0.000007	0.003451	0.003494	0.008134	0.009381	0.005170
XM_003471865	s1_001148607	0.003129	0.004264	0.043899	0.035475	0.035544	0.018280	0.019702	0.016218	0.019640	0.017543	0.020427	0.007982	0.031141	0.035164	0.020118	0.026848
XM_003463618	s2_001323315	0.003265	0.001617	0.019624	0.019262	0.016143	0.001682	0.001635	0.000003	0.004980	0.006278	0.002234	0.001572	0.001562	0.001583	0.012553	0.009505
XM_003463565	s2_001365125	0.000000	0.000006	0.000018	0.006726	0.006592	0.003396	0.000006	0.000008	0.003477	0.000007	0.000016	0.000009	0.000022	0.000020	0.003230	0.000019
XM_003477422	s6_000495359	0.000000	0.000003	0.000010	0.000016	0.000046	0.000011	0.000005	0.000013	0.000007	0.000008	0.000006	0.000004	0.000007	0.000009	0.000004	0.000012
XM_013154173	s6_000792246	0.002779	0.000001	0.032134	0.041269	0.036009	0.037644	0.015001	0.009571	0.018670	0.012184	0.014619	0.011243	0.002793	0.014163	0.008321	0.011159
XM_003462287	s2_002333112	0.000001	0.000001	0.044359	0.052396	0.044715	0.043688	0.009484	0.000014	0.014965	0.004731	0.024077	0.018343	0.036051	0.019306	0.036351	0.042689
XM_003465073	s1_000450279	0.000006	0.000004	0.007949	0.005152	0.002674	0.005260	0.000007	0.000010	0.002655	0.005295	0.008016	0.013172	0.013527	0.010272	0.005206	0.013378
XM_003463167	s7_0023701146	0.005882	0.007260	0.020081	0.029148	0.028959	0.038846	0.009613	0.011297	0.021052	0.010787	0.014010	0.004560	0.083649	0.013672	0.013982	0.042907
XM_005008345	s4_000874232	0.000001	0.000002	0.000012	0.001875	0.000034	0.000005	0.000003	0.000009	0.000002	0.000006	0.000004	0.017373	0.000000	0.000015	0.000005	0.000014
XM_003469494	s10_001661340	0.007520	0.005785	0.028221	0.044948	0.053259	0.062457	0.009781	0.009833	0.019404	0.039024	0.006094	0.026356	0.029427	0.037648	0.011794	0.013328
XM_003476068	s10_001546284	0.000003	0.006771	0.014558	0.005229	0.012011	0.008123	0.008669	0.003617	0.008550	0.006182	0.002787	0.000012	0.009621	0.006391	0.001601	0.011475
NM_001173398	s8_000229332	0.001352	0.001348	0.012622	0.033045	0.028195	0.006903	0.004011	0.004028	0.001337	0.002806	0.005278	0.001452	0.000007	0.012774	0.002836	0.004205
XM_003467570	s9_000739548	0.002536	0.001689	0.003437	0.012816	0.005961	0.006775	0.010199	0.001710	0.003404	0.001703	0.002549	0.001688	0.001695	0.031966	0.005264	0.015300
XM_005007003	s1_001003340	0.004730	0.004704	0.075985	0.045889	0.009933	0.009950	0.020339	0.004957	0.000019	0.010651	0.014761	0.004709	0.000006	0.024024	0.006240	0.000012
XM_003478651	s10_000050409	0.002371	0.000001	0.003548	0.004740	0.006034	0.002391	0.002464	0.002448	0.013976	0.007383	0.000006	0.003554	0.000001	0.007193	0.002384	0.001178
XM_013142313	s10_000118325	0.002780	0.000004	0.011192	0.011269	0.038524	0.037857	0.002765	0.008639	0.005641	0.008605	0.011504	0.002767	0.005443	0.022335	0.011014	0.019789
XM_003478499	s10_000088356	0.001300	0.000004	0.006307	0.001260	0.008574	0.000021	0.001273	0.007742	0.002562	0.001292	0.002560	0.000005	0.002410	0.000010	0.002427	0.010949
XM_003464711	s1_001496225	0.000002	0.000001	0.032495	0.056007	0.048875	0.039620	0.014921	0.023115	0.039976	0.015619	0.016782	0.015065	0.015358	0.043791	0.017663	0.004245
XM_003470832	s9_000705292	0.001557	0.000002	0.001574	0.014570	0.004664	0.009646	0.000014	0.007776	0.000008	0.008975	0.006263	0.006149	0.003240	0.003204	0.011782	0.007727
XM_003470851	s9_000659579	0.003715	0.001841	0.006131	0.008666	0.011849	0.005431	0.004519	0.006468	0.004592	0.011244	0.005561	0.009300	0.007405	0.006489	0.002700	0.007416
XM_003462244	s10_001739431	0.002161	0.000004	0.011912	0.074211	0.052638	0.023192	0.025485	0.021869	0.019061	0.021199	0.027117	0.020121	0.026693	0.024351	0.046038	0.021642
XM_003478706	s10_000064895	0.002192	0.007022	0.019225	0.016728	0.009153	0.011179	0.010694	0.003031	0.026753	0.012214	0.014797	0.007988	0.015939	0.017138	0.004002	0.011489
XM_003474395	s2_001570343	0.031736	0.000001	0.054929	0.002242	0.007039	0.014060	0.002370	0.004798	0.002419	0.000011	0.000004	0.006997	0.000003	0.006973	0.000014	0.006874
XM_003474600	s2_001534401	0.002201	0.000003	0.035834	0.042690	0.026448	0.040903	0.013508	0.014762	0.036736	0.010180	0.011888	0.012358	0.011665	0.004768	0.013146	0.028067
XM_003475306	s1_002283658	0.001434	0.001961	0.019468	0.010403	0.009702	0.026710	0.012002	0.013406	0.012477	0.005917	0.002956	0.019151	0.017050	0.018650	0.010524	0.024322
XM_003477398	s7_000534355	0.000000	0.000002	0.000005	0.000007	0.002574	0.000004	0.000001	0.000009	0.000006	0.000005	0.000004	0.000004	0.016894	0.000004	0.000006	0.012839
XM_003470440	s5_000686150	0.000002	0.003213	0.043804	0.087916	0.026509	0.037362	0.013000	0.019558	0.029484	0.026382	0.006608	0.011421	0.033085	0.016402	0.009711	0.036283
XM_004999749	s9_001453116	0.000002	0.000001	0.004661	0.014751	0.009998	0.004976	0.000010	0.000012	0.005011	0.000004	0.000010	0.000002	0.005115	0.005198	0.000015	0.010539
XM_003474249	s7_000769173	0.000005	0.000002	0.012425	0.016602	0.027784	0.012416	0.008070	0.012103	0.012152	0.011759	0.000007	0.007652	0.003811	0.003834	0.003747	0.007677
XM_003464030	s2_001814440	0.001294	0.001297	0.010200	0.015401	0.011576	0.010423	0.002524	0.161507	0.005158	0.007742	0.003898	0.001208	0.000003	0.004017	0.004829	0.012734
XM_013144366	s9_000244417	0.001123	0.000000	0.024954	0.019461	0.018553	0.020362	0.012969	0.013655	0.005486	0.007278	0.007291	0.007007	0.005691	0.012525	0.012636	0.007390
XM_003475005	s9_000118311	0.001536	0.008138	0.023242	0.020544	0.033707	0.011571	0.003618	0.001681	0.009961	0.004536	0.011148	0.016989	0.004895	0.013073	0.006522	0.014513
XM_003462242	s10_001740335	0.003294	0.000002	0.036108	0.030949	0.018648	0.014283	0.010072	0.017093	0.014306	0.013064	0.005125	0.029341	0.009341	0.014871	0.021491	0.019672
XM_005002196	s1_001454174	0.008804	0.004364	0.004386	0.302744	0.008850	0.000007	0.000007	0.000008	0.004398	0.000004	0.004393	0.000005	0.000006	0.000012	0.004407	0.004401
XM_003478444	s1_001394277	0.007066	0.007116	0.027474	0.032292	0.055695	0.042737	0.023126	0.012291	0.012571	0.025260	0.036480	0.014038	0.011506	0.020679	0.006074	0.011140
XM_003461355	s4_000925442	0.000002	0.000001	0.000027	0.002867	0.000031	0.002917	0.000014	0.000010	0.000014	0.000006	0.000021	0.037089	0.008441	0.002871	0.001423	0.001432
XM_013146797	s6_001947473	0.000003	0.000008	0.011977	0.008563	0.015029	0.005409	0.000013	0.027451	0.000036	0.000001	0.005967	0.000021	0.000006	0.004913	0.000008	0.000005
XM_013151489	s6_001129185	0.000000	0.000003	0.003776	0.093388	0.003683	0.000017	0.000009	0.031697	0.007524	0.000005	0.003682	0.011413	0.046809	0.018453	0.000014	0.014901
XM_003474498	s6_001599442	0.001366	0.000002	0.009658	0.023108	0.019058	0.030177	0.006758	0.006830	0.005426	0.007016	0.004176	0.006256	0.011049	0.009529	0.004725	0.009477
XM_003471011	s5_000946866	0.010751	0.000001	0.000008	0.001870	0.001876	0.000940	0.001891	0.001898	0.000944	0.000004	0.000949	0.000005	0.007718	0.000936	0.000004	0.000934
XM_003471016	s5_000957241	0.002467	0.000001	0.029293	0.095539	0.044425	0.024637	0.023581	0.029388	0.028791	0.026090	0.022295	0.022925	0.020474	0.027506	0.027317	0.040603
XM_013147031	s3_002552273	0.011757	0.002392	0.025973	0.037596	0.026205	0.024431	0.004939	0.015097	0.009858	0.007456	0.002389	0.002251	0.051507	0.011537	0.012192	0.017623
XM_003462391	s10_001786495	0.000002	0.000959	0.007797	0.012697	0.013825	0.008446	0.001672	0.014118	0.009210	0.013992	0.001891	0.007409	0.016872	0.006142	0.010170	0.009556
XM_013156832	s6_000335513	0.000002	0.000893	0.005348	0.003529	0.002762	0.000996	0.002603	0.000008	0.002588	0.001732	0.000866	0.001797	0.000004	0.009670	0.000011	0.003586
XM_003477821	s4_001081270	0.000002	0.001611	0.001848	0.001797	0.000026	0.000014	0.000016	0.001896	0.003739	0.000006	0.000008	0.000004	0.000004	0.001782	0.000013	0.001770
XM_003466002	s4_000134270	0.000001	0.000001	0.004648	0.000025	0.004640	0.009248	0.004665	0.004688	0.004634	0.009404	0.004685	0.002329	0.000005	0.000005	0.004624	0.000001
XM_003464347	s4_001138304	0.000002	0.000002	0.006373	0.004139	0.002142	0.000022	0.000013	0.002184	0.000009	0.002310	0.000011	0.000014	0.000008	0.000020	0.002234	0.004422
XM_003466246	s5_000350160	0.005745	0.000001	0.000011	0.049563	0.035742	0.017768	0.005613	0.005809	0.005954	0.018592	0.018508	0.011788	0.005985	0.012201	0.000007	0.030803
XM_005008590	s8_000493283	0.000001	0.000004	0.017373	0.035481	0.031674	0.040502	0.017129	0.033291	0.015637	0.025040	0.046197	0.009052	0.012536	0.027519	0.022171	0.007748
XM_003463071	s7_001245186	0.000003	0.000000	0.006904	0.011759	0.023865	0.012868	0.014316	0.011381	0.011377	0.000005	0.014914	0.000014	0.003697	0.018437	0.014607	0.011005
XM_005002839	s10_001080814	0.003722	0.001235	0.014778	0.026366	0.023113	0.023647	0.009302	0.009569	0.011118	0.004786	0.005432	0.006602	0.010440	0.018207	0.007926	0.012019
XM_003467581	s7_002372195	0.007284	0.000002	0.004764	0.009510	0.009712	0.002421	0.007270	0.007230	0.012230	0.049157	0.000010	0.007281	0.002418	0.000011	0.014667	0.018089
XM_003467045	s4_000814422	0.002524	0.003864	0.016418	0.008318	0.008679	0.011123	0.004347	0.007144	0.006660	0.003460	0.011494	0.011664	0.010236	0.013632	0.003905	0.009168
XM_003466998	s10_001890362	0.003385	0.001608	0.008347	0.019921	0.017939	0.013153	0.007882	0.012314	0.003428	0.005255	0.003522	0.018247	0.004302	0.030271	0.008836	0.016716
XM_003467122	s10_001900743	0.002115	0.000741	0.030753	0.045428	0.029348	0.026996	0.009968	0.020902	0.018283	0.017762	0.017205	0.025993	0.017693	0.030218	0.016612	0.024651
XM_003479785	s10_001985446	0.003268	0.003753	0.023059	0.016576	0.007667	0.007386	0.012510	0.007081	0.013622	0.017239	0.007456	0.001151	0.003492	0.009259	0.006938	0.013228
XM_003467923	s10_001997351	0.000002	0.006226	0.006271	0.030613	0.031973	0.058879	0.000015	0.000009	0.013098	0.019946	0.006391	0.005665	0.000000	0.011316	0.000012	0.025687
XM_003466946	s10_002268316	0.000001	0.001445	0.040530	0.041813	0.044320	0.032490	0.007676	0.032465	0.030921	0.016155	0.012378	0.023807	0.021295	0.041597	0.024497	0.043402
XM_013158862	s1_000139121	0.000006	0.000001	0.000006	0.000018	0.003651	0.000016	0.000004	0.000014	0.003612	0.000007	0.000006	0.000004	0.000007	0.000019	0.000005	0.000009
XM_003475239	s1_000207191	0.000001	0.000004	0.043343	0.012989	0.011696	0.011230	0.008165	0.000016	0.005472	0.000006	0.005493	0.008342	0.005502	0.014013	0.002751	0.002779
XM_003471666	s1_000350370	0.000002	0.000000	0.006228	0.005993	0.013787	0.006742	0.003410	0.003416	0.001704	0.002040	0.006546	0.008818	0.003228	0.009741	0.019094	0.003603
XM_003477601	s10_000498667	0.000001	0.000001	0.004311	0.000014	0.001089	0.001088	0.001080	0.001083	0.004367	0.004372	0.001079	0.000003	0.001080	0.002157	0.003250	0.001079
XM_005008759	s1_001229799	0.001380	0.006118	0.056496	0.027848	0.015981	0.021856	0.010342	0.003916	0.006496	0.012238	0.006017	0.004275	0.006344	0.011595	0.007352	0.015634
XM_013148642	s1_002034332	0.002223	0.000002	0.013505	0.024986	0.027744	0.022715	0.027625	0.010404	0.031043	0.009526	0.012890	0.007388	0.012090	0.006973	0.000002	0.016604
XM_003462333	s1_002073261	0.018240	0.000001	0.012023	0.034405	0.014419	0.024720	0.006445	0.014569	0.012270	0.012958	0.009730	0.007507	0.009728	0.015127	0.016787	0.026497
NM_001172979	s2_000028553	0.000001	0.000955	0.016989	0.009291	0.011537	0.008419	0.005074	0.003558	0.003149	0.003441	0.008151	0.016890	0.006690	0.014071	0.013249	0.021364
XM_003475831	s2_000051341	0.003554	0.002681	0.017265	0.016592	0.017169	0.026445	0.017614	0.003064	0.030008	0.009085	0.001441	0.012688	0.007324	0.027470	0.000403	0.020823
XM_003475921	s2_000078242	0.000000	0.000002	0.010263	0.018292	0.015796	0.007996	0.008111	0.002028	0.008133	0.002054	0.002048	0.000007	0.005975	0.011931	0.001975	0.003977
XM_003467522	s2_000194189	0.004162	0.000000	0.018523	0.051725	0.056519	0.045730	0.049923	0.023922	0.030057	0.000018	0.017616	0.013644	0.004183	0.021571	0.008545	0.034484
XM_003478796	s2_000403381	0.000003	0.000003	0.028659	0.024810	0.010125	0.011755	0.006393	0.002520	0.005069	0.001252	0.002532	0.002532	0.005108	0.005037	0.001245	0.005006
XM_003474020	s2_000452910	0.001108	0.000554	0.004734	0.006945	0.013896	0.005905	0.002230	0.003886	0.001108	0.002977	0.001628	0.002219	0.000006	0.006138	0.001672	0.003344
XM_003472020	s2_000781395	0.001430	0.005273	0.033590	0.018881	0.014836	0.008847	0.011849	0.010819	0.025627	0.010686	0.017617	0.017557	0.000005	0.013979	0.008515	0.029698
XM_003468380	s10_000598256	0.004659	0.000001	0.004982	0.008950	0.121058	0.007207	0.004778	0.002370	0.012191	0.004913	0.007389	0.004570	0.000007	0.007168	0.000026	0.016358
XM_003471978	s2_000833322	0.000001	0.000001	0.000012	0.000010	0.001835	0.000014	0.001775	0.000005	0.000006	0.003565	0.000009	0.000006	0.000005	0.017829	0.000009	0.001765
XM_003471444	s2_001162321	0.004957	0.000000	0.005046	0.011466	0.021247	0.004449	0.003288	0.004895	0.006729	0.011393	0.009539	0.000005	0.007831	0.012814	0.007918	0.009611
XM_013145608	s2_0013392394	0.003706	0.003277	0.026900	0.110359	0.038892	0.029771	0.010895	0.011013	0.015498	0.016087	0.011032	0.016977	0.015914	0.026492	0.017414	0.027530
XM_003474595	s2_001539126	0.000002	0.000002	0.004981	0.004835	0.000017	0.005228	0.005295	0.000005	0.005308	0.000009	0.016274	0.020392	0.009836	0.004843	0.004764	0.020267
XM_003463776	s2_001740376	0.003247	0.000006	0.009132	0.023584	0.022746	0.015804	0.005079	0.013643	0.010093	0.001385	0.005840	0.006071	0.024629	0.025571	0.016447	0.022604
XM_003463811	s2_001761295	0.003817	0.007904	0.020189	0.109948	0.029757	0.009819	0.003289	0.024022	0.009714	0.015785	0.011779	0.007708	0.019466	0.016153	0.034373	0.031505
XM_003463995	s2_001796472	0.000003	0.000000	0.001642	0.004873	0.004770	0.000017	0.000011	0.000009	0.001620	0.000010	0.001628	0.000008	0.000005	0.003244	0.001607	0.008071
XM_003464008	s2_001820417	0.000002	0.000001	0.001078	0.002137	0.008660	0.005557	0.000008	0.000013	0.001136	0.002258	0.001107	0.002118	0.006526	0.003325	0.000010	0.000015
XM_003462063	s2_001833827	0.005768	0.004084	0.025066	0.017022	0.018255	0.022072	0.007339	0.021359	0.013953	0.009820	0.008245	0.013936	0.012705	0.010773	0.016023	0.012504
XM_003462081	s2_001850343	0.001920	0.001850	0.010100	0.010798	0.012215	0.002836	0.015487	0.009589	0.005830	0.003803	0.001929	0.000013	0.000012	0.003881	0.009396	0.000011
XM_003468406	s10_000644338	0.001295	0.001288	0.010264	0.020032	0.009890	0.019434	0.015274	0.024832	0.010675	0.023616	0.024421	0.007946	0.000006	0.004014	0.009337	0.012153
XM_013141932	s2_0020541740	0.005519	0.002515	0.020182	0.026647	0.025379	0.018941	0.008850	0.008960	0.012031	0.011071	0.008339	0.007461	0.009977	0.012984	0.006934	0.016460
XM_003470384	s2_002087745	0.000795	0.001591	0.003952	0.007020	0.009549	0.009627	0.002365	0.003218	0.003213	0.002408	0.000797	0.000750	0.000744	0.001442	0.003033	0.004440
XM_003470500	s2_002126693	0.000002	0.000003	0.000007	0.004838	0.000012	0.001611	0.000009	0.001618	0.000004	0.001606	0.000007	0.000004	0.000007	0.000012	0.000008	0.001593
XM_003462503	s2_002354311	0.002074	0.007546	0.009735	0.019084	0.030079	0.020640	0.009049	0.010823	0.014932	0.004847	0.010892	0.003220	0.006467	0.023701	0.008430	0.021663
XM_005006753	s2_002389609	0.000001	0.000002	0.006017	0.008027	0.004021	0.005994	0.002041	0.006217	0.000010	0.000007	0.002088	0.011458	0.012269	0.000016	0.001980	0.003996
XM_003464271	s2_002532317	0.002921	0.013265	0.042090	0.038783	0.030635	0.039156	0.010728	0.024875	0.017138	0.019099	0.011718	0.015465	0.024476	0.041247	0.020742	0.045309
XM_003464307	s2_002580425	0.006730	0.010440	0.052808	0.050161	0.052354	0.017217	0.013242	0.020017	0.018512	0.031099	0.016717	0.018506	0.028299	0.034999	0.031656	0.048748
XM_003464308	s2_002581314	0.005457	0.006258	0.039767	0.044715	0.026094	0.010412	0.004879	0.008020	0.016771	0.011378	0.006435	0.009479	0.012646	0.032354	0.017278	0.044882
XM_003470817	s2_002633172	0.002958	0.000000	0.005277	0.040476	0.033582	0.008729	0.031108	0.008335	0.017160	0.011440	0.011572	0.011967	0.002834	0.003026	0.005796	0.030331
XM_003480191	s2_002681216	0.002719	0.000000	0.000015	0.002667	0.002663	0.002791	0.000011	0.000005	0.010978	0.003611	0.012903	0.000015	0.000004	0.000006	0.000008	0.000009
XM_003468096	s10_000779824	0.007057	0.004504	0.058993	0.134224	0.087769	0.062543	0.030197	0.027065	0.037125	0.040435	0.049873	0.028361	0.019760	0.040888	0.025683	0.042182
XM_005008541	s3_000485796	0.003407	0.005176	0.024341	0.050198	0.035788	0.033619	0.020257	0.031052	0.017921	0.016736	0.011546	0.024349	0.014899	0.029049	0.034631	0.031401
XM_003467694	s3_000684692	0.002078	0.004276	0.024866	0.081845	0.068044	0.016932	0.017252	0.018065	0.015577	0.008178	0.010858	0.016750	0.014148	0.026708	0.015487	0.019678
XM_003467696	s3_000687285	0.003310	0.003345	0.016546	0.029282	0.011172	0.020747	0.011539	0.010084	0.004428	0.013031	0.004028	0.003462	0.011053	0.014516	0.007054	0.007253
XM_003462034	s3_000782307	0.000002	0.000004	0.008472	0.039656	0.025546	0.017791	0.010251	0.027031	0.022184	0.010633	0.013962	0.003188	0.008329	0.017265	0.006248	0.008601
XM_003462362	s3_000975994	0.001555	0.000002	0.014667	0.036677	0.016084	0.013716	0.005796	0.005085	0.010323	0.009610	0.005225	0.004975	0.005156	0.024935	0.009480	0.019604
XM_005005888	s3_001049712	0.004393	0.002926	0.015310	0.028588	0.026463	0.015678	0.013776	0.009248	0.014806	0.006695	0.005674	0.004917	0.008815	0.007634	0.006829	0.017145
XM_003465826	s3_001261253	0.003147	0.000000	0.009950	0.010503	0.015134	0.011360	0.030290	0.018608	0.011962	0.003205	0.006569	0.005674	0.000021	0.008902	0.002848	0.018055
XM_003477260	s3_001309161	0.000000	0.000002	0.006138	0.019224	0.012568	0.012975	0.000007	0.015800	0.009429	0.006069	0.009201	0.011360	0.007776	0.016056	0.009543	0.009698
XM_003472834	s3_001491622	0.003064	0.005525	0.062467	0.058600	0.059054	0.057997	0.035937	0.040782	0.041418	0.028692	0.027430	0.025803	0.018292	0.029152	0.023123	0.027410
XM_003470562	s3_001606520	0.003937	0.000004	0.007007	0.018443	0.006837	0.004150	0.000012	0.008485	0.001376	0.005554	0.005497	0.002391	0.008619	0.022178	0.002697	0.005126
XM_003466588	s10_000880850	0.001225	0.001836	0.010727	0.018018	0.013288	0.010378	0.004440	0.007711	0.008349	0.019100	0.005532	0.006032	0.009787	0.015736	0.009191	0.013950
XM_003475303	s3_001707321	0.000003	0.005042	0.018510	0.016814	0.014277	0.020205	0.005656	0.001838	0.005791	0.001886	0.001932	0.006349	0.015791	0.020183	0.002741	0.014238
XM_003469726	s3_001830214	0.000001	0.000001	0.000008	0.002716	0.000021	0.000013	0.005434	0.000009	0.000009	0.002714	0.000006	0.002722	0.000003	0.005468	0.002727	0.005471
XM_013152353	s3_001838240	0.000005	0.003177	0.000013	0.006187	0.000027	0.003152	0.003074	0.000013	0.000018	0.000008	0.000007	0.000005	0.003104	0.000013	0.000012	0.009672
XM_003469566	s3_001842724	0.001230	0.007770	0.006151	0.011074	0.020043	0.005066	0.001234	0.005062	0.004418	0.004309	0.001471	0.003013	0.003020	0.003669	0.007816	0.004246
XM_003469738	s3_001846368	0.000001	0.000002	0.001518	0.001518	0.000011	0.001531	0.000005	0.003061	0.001523	0.001522	0.001527	0.001514	0.000003	0.001517	0.000009	0.001529
XM_003470617	s3_001999538	0.003745	0.000940	0.016126	0.012616	0.011026	0.016596	0.006489	0.002795	0.008380	0.002779	0.007522	0.008115	0.003537	0.007203	0.004392	0.012087
XM_005008549	s3_002083636	0.008369	0.006150	0.044715	0.067685	0.071912	0.035001	0.023843	0.024218	0.030508	0.025899	0.035132	0.015783	0.039588	0.085076	0.026820	0.042834
XM_005001953	s3_002149192	0.000001	0.000001	0.008080	0.005233	0.005325	0.000008	0.002773	0.000005	0.005732	0.000001	0.000004	0.000006	0.000003	0.002823	0.000006	0.000008
XM_003479624	s4_000291509	0.001935	0.008024	0.032377	0.052569	0.058981	0.033544	0.019783	0.031501	0.033654	0.030075	0.050808	0.019471	0.022683	0.032101	0.027517	0.029687
XM_003466546	s10_000945310	0.011459	0.002952	0.031102	0.032764	0.029006	0.033429	0.006500	0.008126	0.014667	0.014539	0.010106	0.011498	0.024724	0.022498	0.014850	0.026285
XM_003476244	s4_000513342	0.000001	0.000001	0.002528	0.002523	0.003771	0.006405	0.001301	0.003919	0.006553	0.001313	0.001312	0.001251	0.001249	0.001250	0.002494	0.006312
XM_003466942	s4_000704366	0.000006	0.000006	0.005837	0.005026	0.005887	0.001517	0.001481	0.004506	0.000013	0.000010	0.000018	0.001835	0.003636	0.002249	0.000504	0.006444
XM_013149430	s4_000775536	0.001290	0.001272	0.008412	0.021277	0.027117	0.007363	0.007737	0.005273	0.007874	0.013351	0.006332	0.015308	0.008776	0.017813	0.012239	0.020922
XM_003466891	s4_000791301	0.002691	0.012047	0.027574	0.052718	0.045626	0.013856	0.005167	0.014969	0.013535	0.009928	0.011937	0.013038	0.022579	0.013224	0.014516	0.018726
XM_003466886	s4_000800220	0.000003	0.001687	0.009271	0.010498	0.015781	0.010184	0.008444	0.000009	0.006827	0.000006	0.003460	0.006371	0.022209	0.001716	0.007654	0.013906
XM_003466879	s4_000817347	0.000003	0.000002	0.000008	0.010692	0.010748	0.006102	0.002983	0.001492	0.000008	0.002912	0.003006	0.004406	0.007418	0.008867	0.002964	0.016671
XM_003466868	s4_000826826	0.000807	0.000809	0.002739	0.005305	0.011647	0.005854	0.004125	0.004158	0.002504	0.002554	0.000006	0.000756	0.003781	0.004609	0.002273	0.003790
XM_003466861	s4_000833307	0.000000	0.001470	0.005875	0.013935	0.011462	0.001514	0.005706	0.005984	0.004805	0.005958	0.002925	0.010688	0.002636	0.002671	0.008342	0.008150
XM_005008446	s4_000860732	0.001566	0.005021	0.049609	0.068529	0.077579	0.040489	0.010815	0.016697	0.015554	0.006564	0.012108	0.014632	0.015377	0.042067	0.018840	0.048742
XM_013157326	s4_000880522	0.003665	0.000914	0.011606	0.032332	0.024018	0.012925	0.006825	0.005513	0.007456	0.005384	0.005966	0.033337	0.057013	0.012933	0.002858	0.012035
XM_013149076	s10_000966333	0.005492	0.001825	0.030681	0.013222	0.020553	0.008147	0.002116	0.007698	0.007156	0.004322	0.006989	0.013658	0.024125	0.009358	0.005513	0.014984
XM_003462948	s4_000950261	0.000002	0.002068	0.016590	0.008263	0.017724	0.009323	0.004459	0.008061	0.006073	0.016400	0.016398	0.008383	0.002086	0.010579	0.006299	0.006327
XM_003477804	s4_001043420	0.004010	0.001979	0.030129	0.064239	0.120615	0.037223	0.021580	0.014636	0.020471	0.012072	0.002974	0.010406	0.049399	0.101262	0.025445	0.012846
XM_013157373	s4_001159532	0.006435	0.009263	0.045552	0.110075	0.058714	0.025428	0.023710	0.023801	0.026511	0.018405	0.034579	0.026225	0.032679	0.044645	0.025725	0.031604
XM_003476163	s4_001276492	0.000902	0.000408	0.003767	0.007302	0.004515	0.005748	0.004714	0.005744	0.000007	0.000927	0.009772	0.001876	0.000003	0.003802	0.006674	0.002789
XM_003476201	s4_001330298	0.000001	0.000001	0.003261	0.000012	0.005232	0.000012	0.000010	0.001623	0.000011	0.000009	0.000003	0.000007	0.000003	0.000008	0.001608	0.000009
XM_003463430	s4_001452314	0.003248	0.000002	0.036010	0.023833	0.024372	0.021749	0.008567	0.016756	0.009000	0.011801	0.003322	0.005018	0.020842	0.024424	0.017435	0.021664
XM_003463421	s4_001460301	0.005047	0.000005	0.028437	0.028781	0.031131	0.022525	0.008719	0.003468	0.010400	0.015159	0.009678	0.012181	0.015641	0.019224	0.008491	0.020768
XM_003463464	s4_001491285	0.000004	0.000001	0.000024	0.002693	0.000028	0.002895	0.000004	0.000012	0.000015	0.002941	0.000000	0.000010	0.000012	0.000010	0.000009	0.005829
XM_003470003	s4_002150581	0.001072	0.001072	0.002101	0.004167	0.002079	0.001046	0.001051	0.002089	0.000007	0.001053	0.000007	0.000006	0.000006	0.001044	0.000007	0.003128
XM_003480144	s5_000093332	0.000004	0.000000	0.001426	0.002808	0.008267	0.004224	0.004101	0.001499	0.005463	0.002801	0.002807	0.000012	0.002659	0.007754	0.002610	0.008005
XM_003466539	s10_000973289	0.001700	0.006834	0.036993	0.015089	0.040228	0.012813	0.012438	0.008877	0.005312	0.010787	0.000009	0.019412	0.010511	0.030022	0.019265	0.024701
