Cavpor_AccNumber	Hhyd_Code	Marmota	Squirrel	Castor	KangRat	Jerboa	BMRat	DeerMouse	Hamster	Vole	Rat 	Mouse	GuineaPig	Capybara	Degu	Chinchilla	NMRat
XM_003468730	s5_000104312	0.014704	0.050357	0.124741	0.357191	0.238063	0.271036	0.079117	0.080473	0.157068	0.062375	0.030774	0.039387	0.038094	0.109768	0.055172	0.068682
XM_003466227	s5_000318586	0.019653	0.013016	0.227547	0.546806	0.229516	0.183319	0.151359	0.114781	0.088493	0.069698	0.102192	0.081737	0.079081	0.157259	0.081112	0.093260
XM_003466237	s5_000339789	0.026417	0.061135	0.274343	0.285458	0.415585	0.212674	0.190965	0.127306	0.161058	0.161228	0.128842	0.130659	0.113551	0.149085	0.082486	0.155277
XM_003466290	s5_000429303	0.013158	0.012432	0.091821	0.128435	0.176823	0.167033	0.181569	0.070071	0.125584	0.125585	0.071424	0.049937	0.044202	0.116979	0.066068	0.062838
XM_003480112	s5_000506153	0.017179	0.002416	0.177709	0.156724	0.219651	0.151387	0.257219	0.230983	0.205439	0.104429	0.060023	0.025112	0.137944	0.269269	0.167087	0.074682
XM_003472925	s5_000572608	0.019115	0.038303	0.130794	0.195313	0.310602	0.177034	0.120389	0.101041	0.146994	0.140718	0.131851	0.061139	0.068509	0.148457	0.123103	0.085002
XM_003463820	s5_000861457	0.040277	0.046123	0.184317	0.251062	0.267499	0.184361	0.121289	0.147202	0.168547	0.115101	0.095676	0.074792	0.082660	0.153700	0.092944	0.094185
XM_003467554	s5_000932473	0.021238	0.012158	0.113328	0.340104	0.540342	0.160943	0.146281	0.154747	0.110313	0.100772	0.112183	0.044093	0.068794	0.116186	0.056233	0.089323
XM_003471013	s5_000951325	0.017338	0.008001	0.153147	0.294944	0.170030	0.125079	0.069728	0.075869	0.114062	0.065346	0.039811	0.072234	0.066605	0.088303	0.103292	0.113835
XM_003464577	s5_001060381	0.036403	0.031506	0.276185	0.515900	0.343750	0.423102	0.216746	0.223700	0.179291	0.155093	0.078760	0.154288	0.186559	0.374127	0.177090	0.277690
XM_003466536	s10_000975325	0.042100	0.030718	0.207023	0.526771	0.313331	0.148869	0.105226	0.095687	0.153555	0.084786	0.053944	0.084487	0.101131	0.109378	0.098680	0.077740
XM_003464682	s5_001085589	0.025175	0.003112	0.172241	0.346817	0.280962	0.151853	0.159579	0.278339	0.078130	0.052193	0.067510	0.064233	0.061557	0.120133	0.086528	0.105999
XM_003465082	s5_001186263	0.007462	0.006164	0.115596	0.230058	0.171911	0.207451	0.055416	0.018030	0.075880	0.102612	0.023496	0.064518	0.082227	0.159195	0.062212	0.083852
XM_003465166	s5_001217541	0.034909	0.034542	0.186147	0.216437	0.210799	0.167890	0.088384	0.116742	0.098946	0.095279	0.083806	0.074243	0.102230	0.123669	0.104039	0.173516
XM_003473914	s6_000047136	0.000006	0.018040	0.187776	0.088547	0.049287	0.148132	0.078107	0.142672	0.094370	0.059138	0.038564	0.107847	0.057698	0.128574	0.029099	0.132206
XM_003473857	s6_000155348	0.005243	0.000004	0.270734	0.712119	0.317922	0.333426	0.099941	0.118869	0.244823	0.156996	0.199608	0.145392	0.047706	0.203318	0.130829	0.140830
XM_003473844	s6_000180316	0.024609	0.015336	0.178764	0.240116	0.212286	0.157711	0.100477	0.130704	0.103791	0.070494	0.043078	0.062903	0.031057	0.102411	0.055348	0.170534
XM_003473799	s6_000258118	0.022784	0.013609	0.103489	0.213567	0.259843	0.394826	0.098438	0.215026	0.123620	0.107632	0.163380	0.035571	0.036904	0.168696	0.078451	0.093473
XM_003478237	s6_000624810	0.010710	0.035779	0.140944	0.242446	0.171126	0.125048	0.160135	0.093454	0.057639	0.059038	0.041201	0.080141	0.060375	0.078596	0.096124	0.186324
XM_003477857	s6_000638333	0.000005	0.055645	0.100836	0.159515	0.208610	0.125775	0.087860	0.077929	0.051827	0.090492	0.097296	0.110234	0.040400	0.103254	0.103774	0.151015
XM_003471291	s6_000773258	0.018105	0.017372	0.237628	0.330919	0.270437	0.164123	0.193339	0.152268	0.120616	0.164516	0.086148	0.069145	0.083889	0.173299	0.147384	0.133543
XM_003466642	s10_001041184	0.019325	0.038240	0.103955	0.406788	0.140898	0.120098	0.141277	0.146827	0.126328	0.042026	0.050839	0.071666	0.024034	0.118965	0.076019	0.146957
XM_013153789	s6_000821641	0.075464	0.052037	0.227603	0.344461	0.348731	0.295250	0.136556	0.143420	0.186166	0.194644	0.209088	0.104427	0.064014	0.183890	0.123212	0.191160
XM_013153946	s6_000882182	0.008749	0.019274	0.157836	0.265762	0.331568	0.224754	0.080387	0.156202	0.183898	0.125237	0.161474	0.093337	0.171892	0.312320	0.065663	0.125853
XM_003471483	s6_000910359	0.024253	0.011372	0.141607	0.281060	0.199304	0.211863	0.155846	0.136957	0.122807	0.113899	0.101824	0.034411	0.077255	0.127293	0.089578	0.079986
XM_003472859	s6_001008534	0.019264	0.002357	0.101153	0.195135	0.186623	0.113475	0.145797	0.130839	0.133766	0.121237	0.100990	0.115372	0.085361	0.112948	0.079573	0.144829
XM_003466128	s6_001222536	0.026730	0.025448	0.235468	0.506980	0.472059	0.206743	0.097950	0.108096	0.091269	0.134708	0.062376	0.160940	0.017475	0.335788	0.140763	0.216813
XM_003466149	s6_001258542	0.020921	0.011422	0.140553	0.204529	0.264168	0.093009	0.086013	0.079395	0.129655	0.096116	0.079507	0.071072	0.069098	0.140422	0.104090	0.116272
XM_003470240	s6_001465682	0.013826	0.011519	0.107833	0.198548	0.431308	0.135646	0.115737	0.072744	0.166318	0.115994	0.118449	0.057370	0.055991	0.219306	0.095046	0.047757
XM_003470106	s6_001538343	0.000001	0.049392	0.273962	0.307751	0.317625	0.313750	0.196263	0.115731	0.115210	0.042288	0.144807	0.088159	0.083186	0.129567	0.078819	0.078938
XM_003470067	s6_001550591	0.048944	0.038809	0.398980	0.510357	0.299927	0.360557	0.126212	0.151830	0.115732	0.127018	0.074075	0.138886	0.120106	0.286352	0.114099	0.136314
XM_003474496	s6_001601263	0.011582	0.012157	0.179543	0.227710	0.219425	0.101140	0.113459	0.082626	0.136206	0.095820	0.127299	0.049018	0.047275	0.154167	0.088767	0.110704
XM_013155451	s10_001145267	0.030245	0.090169	0.328724	0.587066	0.203344	0.280319	0.268766	0.119891	0.150370	0.271477	0.283878	0.069474	0.114574	0.273943	0.203527	0.303650
XM_003474401	s6_001652595	0.002199	0.007996	0.112163	0.187504	0.156673	0.132920	0.099742	0.101053	0.088395	0.070284	0.087713	0.067169	0.068039	0.066558	0.076282	0.092175
XM_003465251	s6_001861261	0.000003	0.061995	0.308472	0.318794	0.291420	0.286017	0.144746	0.073798	0.242301	0.114133	0.179711	0.090503	0.069384	0.158140	0.041001	0.144155
XM_003464551	s6_001922357	0.009346	0.060377	0.089635	0.702414	0.665996	0.363292	0.094751	0.336051	0.171732	0.116168	0.113482	0.121215	0.079852	0.102477	0.169290	0.195277
XM_005001675	s6_002394281	0.035898	0.027097	0.141286	0.312686	0.357555	0.155113	0.093051	0.114173	0.105896	0.084150	0.073873	0.088251	0.096967	0.173233	0.156998	0.102446
XM_005004705	s7_000350313	0.004700	0.000006	0.137415	0.081706	0.188926	0.554177	0.029900	0.109185	0.049451	0.024225	0.040440	0.093274	0.057794	0.029079	0.887248	0.105436
XM_003472194	s7_000407564	0.060485	0.038947	0.498275	0.483560	0.215208	0.279370	0.122596	0.219201	0.178261	0.142284	0.113745	0.156672	0.101629	0.331156	0.110458	0.210512
XM_003477196	s7_000488381	0.009910	0.010976	0.125234	0.210349	0.239141	0.149251	0.133382	0.169895	0.093186	0.095511	0.088303	0.066755	0.042810	0.126484	0.108599	0.076034
XM_003474315	s7_000711763	0.029724	0.033714	0.196216	0.232912	0.260630	0.213877	0.115102	0.164388	0.116978	0.115871	0.123696	0.152235	0.110782	0.243008	0.131174	0.149077
XM_013155245	s7_001100174	0.000007	0.026068	0.152389	0.142082	0.194822	0.076843	0.058392	0.075684	0.134199	0.071937	0.137426	0.045675	0.044403	0.169908	0.075433	0.041105
XM_003472489	s7_001184470	0.004286	0.081050	0.194082	0.149985	0.205818	0.093298	0.119720	0.097032	0.111739	0.119929	0.077180	0.060635	0.064153	0.130283	0.083721	0.092566
XM_003472636	s10_001232232	0.024101	0.000000	0.217572	0.498961	0.253177	0.140154	0.069004	0.091030	0.056023	0.075819	0.040716	0.110291	0.087937	0.092011	0.083674	0.110405
XM_003463053	s7_001217420	0.003376	0.000005	0.085530	0.125950	0.088263	0.074327	0.047748	0.046622	0.057515	0.038033	0.014165	0.027093	0.040564	0.057285	0.021434	0.038037
XM_013146218	s7_001274537	0.017238	0.056037	0.237831	0.290511	0.501361	0.112848	0.121552	0.084166	0.128537	0.085816	0.074801	0.093393	0.068346	0.110048	0.145795	0.163497
XM_003467293	s7_001457954	0.017284	0.034189	0.140302	0.293700	0.335946	0.202404	0.101398	0.154921	0.156055	0.107613	0.141834	0.070206	0.072806	0.213808	0.080010	0.096735
XM_003467166	s7_001585313	0.022793	0.000005	0.228878	0.335542	0.174423	0.326133	0.109037	0.226714	0.048793	0.056422	0.099829	0.071385	0.076012	0.225165	0.132729	0.090817
XM_003469542	s7_001635989	0.008994	0.007298	0.119441	0.203570	0.179898	0.174872	0.169369	0.112500	0.112017	0.088035	0.089117	0.051594	0.042651	0.092980	0.070979	0.075798
XM_003463001	s7_002287257	0.061111	0.023975	0.259064	0.299977	0.321434	0.229051	0.049666	0.085341	0.083458	0.167833	0.090072	0.096015	0.054418	0.303184	0.175412	0.204851
XM_004999926	s7_002296538	0.000005	0.007650	0.155409	0.259326	0.223442	0.091969	0.115068	0.106663	0.174498	0.142703	0.099602	0.047234	0.052332	0.114470	0.120167	0.052048
XM_003476901	s8_000055359	0.036397	0.022983	0.298279	0.445582	0.534849	0.218613	0.095609	0.134915	0.075613	0.091353	0.067744	0.149510	0.054054	0.222414	0.135908	0.125475
XM_013150643	s8_000189476	0.015019	0.027197	0.131943	0.481174	0.228273	0.221664	0.128083	0.126403	0.143066	0.092335	0.075105	0.119443	0.050319	0.121649	0.083665	0.134889
XM_003468969	s8_000422454	0.021589	0.018079	0.120117	0.198866	0.127588	0.113030	0.082765	0.094654	0.087431	0.075089	0.054114	0.050474	0.019657	0.087856	0.089172	0.065635
XM_003476634	s10_001305331	0.049857	0.018024	0.185657	0.322072	0.346333	0.205777	0.065639	0.109789	0.185516	0.082388	0.066869	0.079050	0.101911	0.139082	0.114449	0.114846
XM_003468494	s8_000801353	0.001118	0.034566	0.156392	0.227123	0.309399	0.150205	0.108564	0.117195	0.116423	0.091965	0.088826	0.075355	0.059790	0.147419	0.086505	0.069551
XM_003468455	s8_000837422	0.046193	0.012806	0.195124	0.181638	0.335975	0.216441	0.135429	0.115258	0.141820	0.126366	0.112494	0.104205	0.051224	0.159770	0.113125	0.080849
XM_003464486	s8_000980374	0.013372	0.007671	0.121838	0.083059	0.198949	0.088735	0.107591	0.045543	0.055332	0.052899	0.052952	0.106580	0.065452	0.161058	0.061633	0.090898
XM_003479249	s8_001215406	0.006959	0.022647	0.161321	0.618537	0.206353	0.133037	0.140072	0.072181	0.203442	0.099043	0.085662	0.052825	0.066334	0.193097	0.053348	0.092996
XM_004999861	s8_001912479	0.043434	0.005188	0.335868	1.151960	0.496835	0.201634	0.091955	0.219645	0.174963	0.110422	0.052113	0.090448	0.139578	0.259822	0.097413	0.111164
XM_003478023	s8_001967611	0.021174	0.021167	0.194300	0.263380	0.395969	0.218564	0.081580	0.079052	0.134565	0.049280	0.055656	0.082721	0.053228	0.169332	0.127118	0.103363
XM_005008504	s8_002151339	0.046339	0.057552	0.324714	0.207805	0.248288	0.187672	0.078505	0.130787	0.218558	0.159771	0.148568	0.051305	0.054162	0.151408	0.041267	0.187677
XM_003471353	s8_002154503	0.040805	0.016119	0.120478	0.283847	0.236774	0.149546	0.086363	0.105732	0.154813	0.173457	0.085345	0.074182	0.102341	0.145351	0.127897	0.143226
XM_013153269	s8_002408738	0.033115	0.031597	0.267238	0.329485	0.306437	0.282617	0.195024	0.206441	0.199871	0.095521	0.156307	0.186187	0.050784	0.273217	0.170060	0.277201
XM_003470641	s8_002448329	0.026218	0.027440	0.142402	0.328361	0.308794	0.235989	0.057300	0.139900	0.100363	0.085610	0.066593	0.054105	0.079550	0.084299	0.122341	0.152763
XM_003467779	s10_001374494	0.027023	0.001686	0.114916	0.227612	0.243276	0.131700	0.045997	0.068972	0.081944	0.070748	0.057538	0.071542	0.038040	0.081978	0.054744	0.074202
XM_003475368	s8_002663203	0.000000	0.014034	0.072644	0.155539	0.192247	0.135016	0.108285	0.061168	0.156808	0.045513	0.094543	0.055122	0.008466	0.108088	0.059016	0.237400
XM_003477618	s9_000016983	0.014933	0.007152	0.146044	0.265164	0.313302	0.091277	0.025834	0.061379	0.063715	0.041248	0.038306	0.019482	0.044030	0.088060	0.051789	0.096962
XM_003475114	s9_000124289	0.016600	0.004024	0.061285	0.132205	0.251715	0.152573	0.034834	0.021310	0.037320	0.062068	0.002111	0.015888	0.026660	0.115919	0.027801	0.062128
XM_003479155	s9_000311382	0.016927	0.000006	0.098122	0.481999	0.353166	0.169536	0.108784	0.194914	0.112442	0.088708	0.106807	0.063751	0.058255	0.150423	0.047671	0.043821
XM_003475157	s9_000463605	0.012496	0.024336	0.277296	0.448137	0.460034	0.266008	0.088565	0.136509	0.115220	0.125180	0.091979	0.056589	0.081012	0.241056	0.192082	0.096785
XM_003475166	s9_000479652	0.018804	0.008061	0.102735	0.096914	0.149483	0.091169	0.063249	0.060889	0.061421	0.038284	0.050613	0.047094	0.036138	0.090799	0.042428	0.062972
XM_003475053	s9_000494176	0.027917	0.016740	0.189340	0.201529	0.250969	0.211040	0.131459	0.147129	0.103487	0.092692	0.077396	0.085735	0.038058	0.045661	0.112504	0.097102
XM_003465269	s9_001348204	0.001415	0.034898	0.173067	0.332092	0.330049	0.206154	0.058731	0.064315	0.133519	0.071903	0.071147	0.033456	0.087332	0.162226	0.102296	0.100217
XM_003460988	s9_001585248	0.023220	0.012726	0.125968	0.263079	0.254766	0.147528	0.208133	0.302971	0.117253	0.153456	0.137913	0.073679	0.083125	0.096203	0.072839	0.087327
XM_003477222	s10_002236714	0.005972	0.018818	0.143269	0.232969	0.180500	0.187591	0.095669	0.125877	0.093503	0.095598	0.051069	0.058157	0.059384	0.147244	0.115596	0.081056
XM_003471879	s10_001464303	0.028741	0.001840	0.127282	0.277117	0.176631	0.136627	0.065324	0.114647	0.123342	0.079712	0.078823	0.067297	0.073594	0.114565	0.105153	0.066113
XM_003472841	s1_000926420	0.019884	0.039270	0.305835	0.355461	0.315416	0.216882	0.083973	0.156424	0.136463	0.101372	0.045075	0.111357	0.066034	0.304364	0.056653	0.117620
XM_003472809	s1_000931270	0.007862	0.029931	0.177692	0.353794	0.170027	0.176835	0.139607	0.166947	0.188750	0.060125	0.118863	0.111357	0.119149	0.268768	0.090115	0.089511
XM_003477095	s2_000256492	0.019110	0.000006	0.152787	0.253133	0.251581	0.112113	0.062534	0.026872	0.040682	0.041258	0.067188	0.124447	0.077820	0.152509	0.056627	0.099072
XM_013155631	s3_001494183	0.024402	0.007839	0.128618	0.362226	0.117217	0.187145	0.026497	0.088221	0.084400	0.057430	0.098989	0.068294	0.068002	0.183894	0.050562	0.086721
XM_003472918	s5_000590299	0.000005	0.015179	0.096705	0.097250	0.219283	0.049192	0.145827	0.069645	0.157274	0.086577	0.071634	0.052005	0.063042	0.066291	0.055571	0.049801
XM_003473720	s6_000016273	0.031921	0.023383	0.149746	0.269356	0.364192	0.336185	0.149547	0.168162	0.171031	0.159976	0.104853	0.047068	0.167517	0.154056	0.171894	0.168064
XM_003474295	s6_001637206	0.000002	0.006007	0.017026	0.158878	0.130202	0.164546	0.086453	0.104264	0.076185	0.048614	0.046594	0.046860	0.019476	0.073836	0.043191	0.060467
XM_003469585	s7_001668260	0.020645	0.010592	0.149861	0.151968	0.137002	0.123425	0.185387	0.054954	0.022247	0.086456	0.107192	0.041896	0.105648	0.045625	0.022663	0.026829
XM_003473944	s7_002451367	0.011215	0.011957	0.173421	0.216000	0.196845	0.266242	0.133709	0.227540	0.091795	0.180847	0.188328	0.134014	0.097433	0.262735	0.146001	0.222708
XM_003480039	s3_000161120	0.051320	0.000005	0.165215	0.156186	0.229105	0.229496	0.040568	0.086090	0.205090	0.117763	0.105056	0.025340	0.068390	0.097713	0.068889	0.125427
XM_003474180	s10_001632186	0.001556	0.031190	0.162106	0.247793	0.199444	0.096425	0.091348	0.128407	0.031328	0.085793	0.060197	0.105155	0.101459	0.104530	0.104478	0.118750
XM_003471848	s1_001173483	0.018947	0.000005	0.119104	0.168306	0.120825	0.129745	0.083004	0.180158	0.157834	0.088669	0.066105	0.093040	0.092806	0.147258	0.094083	0.146005
XM_003471865	s1_001148607	0.010819	0.020603	0.151411	0.500384	0.175524	0.162163	0.116820	0.136784	0.156129	0.149452	0.131414	0.181654	0.131651	0.228621	0.113471	0.156279
XM_003463618	s2_001323315	0.022576	0.000002	0.113259	0.277185	0.218490	0.099437	0.149481	0.027424	0.121122	0.052927	0.085168	0.110445	0.105043	0.130705	0.098287	0.110923
XM_003463565	s2_001365125	0.000008	0.064927	0.176637	0.368192	0.397124	0.126235	0.059111	0.076797	0.098923	0.068302	0.159836	0.094800	0.223063	0.197383	0.114333	0.193024
XM_003477422	s6_000495359	0.004005	0.032698	0.099208	0.159633	0.461488	0.110775	0.051430	0.129623	0.071296	0.076061	0.060085	0.035221	0.069193	0.089249	0.040521	0.118707
XM_013154173	s6_000792246	0.006243	0.007316	0.047362	0.282724	0.162448	0.086588	0.097948	0.055150	0.193624	0.118835	0.179445	0.106241	0.056403	0.104938	0.105892	0.042174
XM_003462287	s2_002333112	0.011129	0.011776	0.061047	0.288708	0.126969	0.170486	0.111514	0.140243	0.105597	0.026346	0.059764	0.074971	0.012072	0.037031	0.068389	0.049736
XM_003465073	s1_000450279	0.061695	0.037138	0.058443	0.425449	0.209787	0.182889	0.065018	0.097587	0.104547	0.123310	0.062167	0.067224	0.045157	0.177058	0.074079	0.102918
XM_003463167	s7_0023701146	0.040245	0.018914	0.112496	0.167896	0.229855	0.315372	0.124591	0.093480	0.133779	0.105831	0.094810	0.042650	0.117659	0.103173	0.083450	0.206040
XM_005008345	s4_000874232	0.008627	0.023995	0.124431	0.219487	0.342785	0.054846	0.033050	0.089348	0.021403	0.062670	0.040151	0.081762	0.003560	0.152647	0.049750	0.138017
XM_003469494	s10_001661340	0.023244	0.033882	0.133062	0.209967	0.275310	0.157019	0.065555	0.109711	0.146360	0.139632	0.064050	0.076140	0.099186	0.148151	0.103913	0.113007
XM_003476068	s10_001546284	0.026307	0.019177	0.130333	0.270250	0.134023	0.114125	0.172218	0.132035	0.192861	0.058997	0.087698	0.115639	0.137158	0.135402	0.157231	0.190758
NM_001173398	s8_000229332	0.023145	0.036640	0.157721	0.519853	0.541966	0.129975	0.091494	0.085479	0.152998	0.112905	0.095982	0.052349	0.070510	0.163051	0.092135	0.092796
XM_003467570	s9_000739548	0.004588	0.012250	0.118689	0.180328	0.192177	0.149719	0.056883	0.076452	0.097316	0.087044	0.105972	0.036614	0.046046	0.118888	0.093338	0.086354
XM_005007003	s1_001003340	0.044099	0.030184	0.137717	0.315795	0.272987	0.106589	0.240419	0.159828	0.188700	0.093872	0.049545	0.040581	0.062605	0.118988	0.219954	0.117756
XM_003478651	s10_000050409	0.011057	0.007142	0.054591	0.121392	0.098522	0.099161	0.096749	0.068497	0.320668	0.071518	0.058923	0.040990	0.011488	0.090891	0.098135	0.057398
XM_013142313	s10_000118325	0.008941	0.040572	0.193118	0.248368	0.344425	0.187240	0.132556	0.072071	0.059922	0.047488	0.072629	0.078169	0.045741	0.225102	0.072024	0.102037
XM_003478499	s10_000088356	0.019599	0.035161	0.114094	0.236420	0.282118	0.214664	0.101041	0.128236	0.122315	0.132897	0.077455	0.048248	0.049787	0.099165	0.096077	0.117924
XM_003464711	s1_001496225	0.016246	0.007204	0.085795	0.152446	0.121215	0.126827	0.022637	0.106813	0.164226	0.085961	0.092626	0.052919	0.032104	0.140195	0.050137	0.086951
XM_003470832	s9_000705292	0.000002	0.023537	0.176759	0.278533	0.260932	0.184878	0.138633	0.163471	0.083255	0.126259	0.119559	0.097345	0.063917	0.183228	0.303408	0.111746
XM_003470851	s9_000659579	0.011893	0.032672	0.108143	0.131277	0.147632	0.097703	0.133243	0.063302	0.051267	0.046233	0.075212	0.065762	0.041849	0.078195	0.095744	0.078715
XM_003462244	s10_001739431	0.001739	0.038611	0.134085	0.318446	0.219883	0.144588	0.102099	0.120723	0.115576	0.111403	0.148077	0.066646	0.044943	0.116271	0.114291	0.082481
XM_003478706	s10_000064895	0.013337	0.007946	0.083234	0.212292	0.175110	0.124368	0.069524	0.063164	0.127979	0.089760	0.060865	0.059469	0.065370	0.123241	0.074036	0.125740
XM_003474395	s2_001570343	0.101893	0.010133	0.208675	0.332000	0.235485	0.256210	0.130136	0.057274	0.132325	0.113245	0.044781	0.068912	0.031985	0.120169	0.141771	0.139504
XM_003474600	s2_001534401	0.054322	0.027963	0.223881	1.391207	0.338455	0.253552	0.128561	0.122865	0.278118	0.129607	0.114872	0.249259	0.189145	0.290248	0.169908	0.233428
XM_003475306	s1_002283658	0.012875	0.024758	0.175384	0.275535	0.290796	0.146194	0.067043	0.201335	0.107386	0.092704	0.091293	0.128756	0.127347	0.185399	0.109668	0.170236
XM_003477398	s7_000534355	0.003493	0.015678	0.048480	0.069069	0.067073	0.041040	0.009946	0.085389	0.060241	0.047116	0.039969	0.035394	0.072766	0.043239	0.057595	0.054278
XM_003470440	s5_000686150	0.019047	0.019305	0.103158	1.158587	0.284373	0.277754	0.056005	0.171886	0.132635	0.098006	0.096821	0.069107	0.039434	0.144849	0.095733	0.070402
XM_004999749	s9_001453116	0.016938	0.000001	0.214368	0.145243	0.226905	0.119000	0.099097	0.115931	0.148204	0.043335	0.103834	0.016336	0.017871	0.068419	0.145378	0.125344
XM_003474249	s7_000769173	0.050374	0.000000	0.095721	0.225392	0.270654	0.164811	0.057684	0.107091	0.206497	0.118272	0.073046	0.108790	0.052344	0.126427	0.090733	0.073003
XM_003464030	s2_001814440	0.028685	0.013542	0.149144	0.219140	0.265768	0.146057	0.151876	0.299096	0.162462	0.102864	0.054148	0.036945	0.030675	0.078944	0.073634	0.076572
XM_013144366	s9_000244417	0.006565	0.002990	0.095917	0.159950	0.190212	0.136103	0.169653	0.090872	0.171719	0.108714	0.152531	0.031088	0.027885	0.090832	0.105894	0.068019
XM_003475005	s9_000118311	0.003574	0.013223	0.209634	0.120450	0.253509	0.137311	0.062614	0.075759	0.117371	0.128234	0.078202	0.051129	0.041693	0.117568	0.091892	0.076090
XM_003462242	s10_001740335	0.015424	0.016472	0.084929	0.171250	0.137269	0.103824	0.051607	0.044948	0.103229	0.090151	0.047789	0.045445	0.078511	0.069395	0.063314	0.062792
XM_005002196	s1_001454174	0.011064	0.000004	0.111128	0.542149	0.241954	0.071323	0.069343	0.082460	0.038291	0.036870	0.068267	0.046241	0.059107	0.116506	0.101907	0.070794
XM_003478444	s1_001394277	0.008766	0.022741	0.151566	0.250065	0.234373	0.170873	0.133245	0.103964	0.074490	0.133043	0.107743	0.013422	0.018443	0.083919	0.064909	0.063415
XM_003461355	s4_000925442	0.000000	0.008128	0.266334	0.508018	0.314698	0.289477	0.135651	0.104481	0.144994	0.060701	0.212649	0.234844	0.058710	0.210070	0.119740	0.255769
XM_013146797	s6_001947473	0.029176	0.076339	0.178737	0.569652	0.254167	0.565471	0.133676	0.136887	0.356721	0.014353	0.107951	0.206841	0.057352	0.266696	0.083402	0.046414
XM_013151489	s6_001129185	0.000005	0.028958	0.117506	0.269547	0.138829	0.172596	0.086087	0.114872	0.042077	0.053457	0.133290	0.124159	0.117419	0.106271	0.135754	0.099500
XM_003474498	s6_001599442	0.000001	0.023268	0.116891	0.215725	0.217297	0.244833	0.040117	0.072552	0.071633	0.061562	0.055882	0.077083	0.043277	0.064134	0.102606	0.097465
XM_003471011	s5_000946866	0.026042	0.006037	0.079242	0.109324	0.099994	0.138314	0.071836	0.094865	0.068631	0.038847	0.040680	0.045494	0.076161	0.058596	0.037128	0.044851
XM_003471016	s5_000957241	0.011682	0.013493	0.107118	0.248279	0.236224	0.090122	0.057934	0.087940	0.090324	0.090677	0.050299	0.048196	0.039466	0.158027	0.068740	0.048047
XM_013147031	s3_002552273	0.020399	0.014366	0.287040	0.471021	0.204406	0.158087	0.032066	0.071260	0.131000	0.086143	0.059978	0.083565	0.139871	0.170865	0.118198	0.166775
XM_003462391	s10_001786495	0.023456	0.002696	0.125720	0.204404	0.246600	0.151932	0.057038	0.116227	0.117965	0.124827	0.072868	0.093643	0.094606	0.116898	0.066513	0.072062
XM_013156832	s6_000335513	0.015309	0.008274	0.106399	0.305374	0.168708	0.119587	0.085464	0.081913	0.114265	0.059642	0.077387	0.037096	0.037757	0.270540	0.105220	0.071685
XM_003477821	s4_001081270	0.022956	0.051935	0.232988	0.422372	0.255288	0.139060	0.160070	0.053338	0.134364	0.064269	0.080267	0.044232	0.044481	0.120894	0.129510	0.189593
XM_003466002	s4_000134270	0.000001	0.000001	0.064221	0.252041	0.115489	0.158062	0.050352	0.077600	0.070535	0.088417	0.088617	0.013164	0.046866	0.054133	0.092212	0.013853
XM_003464347	s4_001138304	0.018230	0.015280	0.151622	0.379176	0.341078	0.222061	0.126175	0.159193	0.088492	0.125415	0.109073	0.135964	0.083969	0.204644	0.080138	0.227678
XM_003466246	s5_000350160	0.030647	0.009429	0.106530	0.379982	0.277680	0.152469	0.153423	0.084078	0.122527	0.058705	0.003164	0.040836	0.036569	0.167998	0.065205	0.063608
XM_005008590	s8_000493283	0.014714	0.037692	0.230486	0.349575	0.258734	0.183751	0.141002	0.109081	0.129420	0.137414	0.086776	0.120151	0.066061	0.083434	0.215431	0.145017
XM_003463071	s7_001245186	0.030439	0.000005	0.142145	0.379594	0.210170	0.091440	0.113417	0.182890	0.131296	0.051856	0.057816	0.141245	0.039607	0.062527	0.033009	0.134805
XM_005002839	s10_001080814	0.008719	0.049336	0.216684	0.347870	0.342565	0.282288	0.119956	0.129689	0.112398	0.090895	0.109509	0.071574	0.088719	0.180623	0.108549	0.146076
XM_003467581	s7_002372195	0.004340	0.018844	0.073349	0.373674	0.169388	0.185850	0.056188	0.106842	0.103718	0.192598	0.102962	0.057678	0.081582	0.108963	0.040935	0.104889
XM_003467045	s4_000814422	0.037376	0.064395	0.289900	0.394540	0.318004	0.257278	0.141962	0.139603	0.143194	0.173349	0.087068	0.153539	0.225582	0.242600	0.122323	0.260926
XM_003466998	s10_001890362	0.020473	0.000002	0.163831	0.299951	0.255258	0.200115	0.050221	0.064311	0.086683	0.082160	0.087730	0.162926	0.050213	0.167796	0.099153	0.143209
XM_003467122	s10_001900743	0.024804	0.019471	0.147862	0.243097	0.224536	0.163077	0.134000	0.117440	0.187083	0.096155	0.105699	0.155296	0.108584	0.184996	0.175380	0.161497
XM_003479785	s10_001985446	0.000003	0.021512	0.174125	0.185872	0.140893	0.133495	0.111556	0.149232	0.135862	0.086619	0.115767	0.064583	0.041289	0.114998	0.080460	0.059025
XM_003467923	s10_001997351	0.000001	0.047802	0.109791	0.202112	0.309097	0.107405	0.146156	0.092810	0.000013	0.100179	0.071596	0.181534	0.000005	0.299990	0.117286	0.195979
XM_003466946	s10_002268316	0.011181	0.044322	0.148383	0.191889	0.233862	0.182975	0.090406	0.106729	0.158575	0.117169	0.116563	0.206157	0.055812	0.270053	0.116340	0.222903
XM_013158862	s1_000139121	0.059377	0.013886	0.058717	0.182451	0.308491	0.161239	0.044410	0.135169	0.074553	0.069659	0.059164	0.042079	0.065046	0.189589	0.048552	0.090493
XM_003475239	s1_000207191	0.006956	0.035091	0.063073	0.443915	0.245120	0.125888	0.103040	0.164903	0.158254	0.057410	0.123106	0.061658	0.037909	0.121366	0.106491	0.125642
XM_003471666	s1_000350370	0.019915	0.004352	0.092857	0.213329	0.352899	0.118996	0.063759	0.088134	0.044866	0.129103	0.083813	0.066637	0.041530	0.078619	0.429581	0.049123
XM_003477601	s10_000498667	0.005485	0.006000	0.111297	0.144887	0.290125	0.152261	0.082548	0.088956	0.165741	0.116916	0.123512	0.034822	0.032755	0.070352	0.066865	0.087202
XM_005008759	s1_001229799	0.004300	0.025248	0.135719	0.260727	0.296389	0.161313	0.141012	0.097926	0.155808	0.106313	0.068467	0.087612	0.095550	0.178177	0.098007	0.096464
XM_013148642	s1_002034332	0.005416	0.021370	0.105348	0.161278	0.184896	0.147555	0.083862	0.085525	0.079663	0.170242	0.047150	0.058766	0.044152	0.095986	0.024477	0.114063
XM_003462333	s1_002073261	0.020394	0.011072	0.086976	0.150883	0.150156	0.106660	0.064335	0.105107	0.107346	0.054507	0.019004	0.050993	0.023746	0.048447	0.051728	0.041054
NM_001172979	s2_000028553	0.011659	0.012388	0.095577	0.146395	0.250623	0.134627	0.154646	0.074058	0.163407	0.179188	0.099883	0.089742	0.064885	0.174630	0.080780	0.101034
XM_003475831	s2_000051341	0.021966	0.015950	0.104762	0.294934	0.348008	0.197432	0.193791	0.127823	0.214979	0.178688	0.184579	0.052335	0.060916	0.252897	0.141884	0.133952
XM_003475921	s2_000078242	0.000741	0.023429	0.124993	0.237828	0.232475	0.122209	0.089453	0.073003	0.092528	0.103571	0.030290	0.073016	0.085700	0.190303	0.065470	0.095960
XM_003467522	s2_000194189	0.000004	0.000005	0.121774	0.128369	0.417232	0.453245	0.041634	0.100429	0.063789	0.177193	0.095268	0.050679	0.102087	0.118148	0.101009	0.038379
XM_003478796	s2_000403381	0.027371	0.027597	0.162045	0.264945	0.373373	0.176651	0.141011	0.102713	0.145092	0.130524	0.121600	0.078798	0.045537	0.131859	0.044903	0.119070
XM_003474020	s2_000452910	0.010512	0.017522	0.119263	0.192491	0.327820	0.196709	0.121803	0.085646	0.119726	0.142451	0.062234	0.061960	0.057740	0.203709	0.073418	0.108764
XM_003472020	s2_000781395	0.008628	0.013061	0.125823	0.183772	0.178044	0.174026	0.085802	0.110824	0.081742	0.063510	0.114357	0.060010	0.050338	0.110301	0.071572	0.097071
XM_003468380	s10_000598256	0.036123	0.012706	0.248273	0.497530	0.933866	0.362467	0.174562	0.130469	0.126745	0.145973	0.070763	0.148172	0.072631	0.285146	0.263026	0.185665
XM_003471978	s2_000833322	0.008914	0.000001	0.118561	0.102313	0.168795	0.135575	0.078665	0.049916	0.057270	0.107208	0.086492	0.061553	0.047255	0.158478	0.094146	0.104712
XM_003471444	s2_001162321	0.019570	0.000005	0.209096	0.170065	0.120176	0.132469	0.071078	0.097210	0.089896	0.144859	0.089457	0.047805	0.062592	0.057343	0.088593	0.088729
XM_013145608	s2_0013392394	0.026564	0.029568	0.202654	1.111932	0.370451	0.199408	0.177442	0.128371	0.159440	0.122804	0.109544	0.134936	0.130744	0.191714	0.151785	0.204390
XM_003474595	s2_001539126	0.000000	0.018680	0.162759	0.120029	0.166558	0.073439	0.036148	0.054551	0.017730	0.093033	0.000016	0.084287	0.069128	0.108304	0.000009	0.108521
XM_003463776	s2_001740376	0.039047	0.059891	0.195265	0.326768	0.374231	0.463097	0.191052	0.617583	0.157479	0.219994	0.142939	0.105342	0.228798	0.525932	0.119505	0.275963
XM_003463811	s2_001761295	0.015962	0.009746	0.191125	0.189587	0.149044	0.099155	0.069268	0.144493	0.116971	0.084962	0.039451	0.095185	0.040854	0.113354	0.067245	0.068238
XM_003463995	s2_001796472	0.029487	0.000005	0.196028	0.185623	0.255933	0.169740	0.107387	0.087827	0.093437	0.098604	0.079824	0.077660	0.051031	0.139882	0.116948	0.127174
XM_003464008	s2_001820417	0.019117	0.014182	0.235969	0.204756	0.249097	0.217144	0.080693	0.131714	0.128905	0.096370	0.112003	0.103629	0.094012	0.226778	0.097423	0.145722
XM_003462063	s2_001833827	0.024505	0.026291	0.248062	0.347455	0.298567	0.194574	0.138972	0.166435	0.138102	0.090820	0.122882	0.116515	0.155308	0.149542	0.129598	0.111843
XM_003462081	s2_001850343	0.024328	0.010953	0.166818	0.355953	0.411109	0.138800	0.122108	0.126175	0.168636	0.137206	0.171879	0.128843	0.119385	0.173559	0.085577	0.106925
XM_003468406	s10_000644338	0.012900	0.026374	0.256369	0.202900	0.243848	0.233429	0.117824	0.181476	0.184332	0.147214	0.103886	0.096607	0.058790	0.151471	0.139048	0.158569
XM_013141932	s2_0020541740	0.036330	0.029638	0.239815	0.534081	0.353328	0.245515	0.125540	0.131753	0.117228	0.100796	0.088207	0.072151	0.064409	0.127505	0.098701	0.171447
XM_003470384	s2_002087745	0.017132	0.017785	0.165520	0.283055	0.247390	0.134858	0.108680	0.125653	0.087233	0.093151	0.073474	0.117346	0.102872	0.179444	0.111878	0.151629
XM_003470500	s2_002126693	0.018101	0.029550	0.068759	0.189098	0.119849	0.089848	0.093027	0.063718	0.039504	0.068096	0.067924	0.043505	0.072355	0.116218	0.083629	0.065062
XM_003462503	s2_002354311	0.007096	0.015182	0.076537	0.136927	0.136774	0.111199	0.161544	0.074971	0.156986	0.092342	0.079632	0.036493	0.051050	0.080128	0.035606	0.058271
XM_005006753	s2_002389609	0.012722	0.024245	0.128227	0.196438	0.190327	0.187455	0.094154	0.077139	0.102541	0.067802	0.067450	0.045016	0.084468	0.155550	0.071466	0.159999
XM_003464271	s2_002532317	0.051922	0.021118	0.141555	0.360042	0.231503	0.110705	0.096244	0.113642	0.147094	0.055867	0.090011	0.152846	0.136119	0.267220	0.087672	0.078189
XM_003464307	s2_002580425	0.019023	0.052514	0.133957	0.258959	0.182991	0.186289	0.090140	0.075943	0.141139	0.081093	0.102642	0.079295	0.073134	0.196969	0.109703	0.200571
XM_003464308	s2_002581314	0.020008	0.120836	0.164312	0.265665	0.301169	0.184951	0.094941	0.115374	0.096174	0.122073	0.099504	0.075806	0.070760	0.189500	0.169829	0.247020
XM_003470817	s2_002633172	0.055097	0.000005	0.120528	0.128467	0.240186	0.180924	0.035851	0.116101	0.170482	0.096259	0.114999	0.067832	0.024624	0.117286	0.100328	0.108017
XM_003480191	s2_002681216	0.015166	0.000005	0.150308	0.144567	0.187260	0.188684	0.107812	0.054552	0.106093	0.079051	0.088683	0.146435	0.041059	0.062291	0.075192	0.092114
XM_003468096	s10_000779824	0.018586	0.007375	0.203619	0.253439	0.275764	0.237409	0.077695	0.120891	0.108316	0.074156	0.106663	0.058118	0.052407	0.137258	0.065430	0.097225
XM_005008541	s3_000485796	0.013093	0.014219	0.121599	0.230606	0.232938	0.162175	0.176039	0.185394	0.094048	0.092293	0.103930	0.116789	0.051653	0.125080	0.119064	0.097585
XM_003467694	s3_000684692	0.004567	0.019658	0.176827	0.279194	0.149904	0.175327	0.168553	0.145262	0.146608	0.089333	0.082361	0.049694	0.066720	0.104310	0.100019	0.068038
XM_003467696	s3_000687285	0.021270	0.028895	0.148831	0.423220	0.299325	0.181120	0.083309	0.129813	0.099198	0.094066	0.145540	0.055726	0.085241	0.199106	0.129628	0.111843
XM_003462034	s3_000782307	0.017244	0.043306	0.329881	0.478302	0.412580	0.365497	0.183482	0.212486	0.204050	0.212211	0.095456	0.177904	0.174984	0.269177	0.159759	0.168763
XM_003462362	s3_000975994	0.010503	0.019213	0.249847	0.499351	0.265902	0.176619	0.128050	0.139489	0.129916	0.107389	0.153450	0.071272	0.094529	0.161970	0.128072	0.161210
XM_005005888	s3_001049712	0.019086	0.017230	0.191733	0.360967	0.223225	0.157948	0.128024	0.071607	0.134051	0.062846	0.096321	0.098724	0.083176	0.139134	0.073296	0.130294
XM_003465826	s3_001261253	0.062169	0.002435	0.489684	0.315310	0.453134	0.376336	0.166163	0.187918	0.142141	0.107603	0.092241	0.285982	0.210589	0.280059	0.287714	0.216142
XM_003477260	s3_001309161	0.000005	0.018990	0.192481	0.214411	0.320205	0.124611	0.066619	0.141152	0.130638	0.164910	0.083377	0.073768	0.118908	0.145461	0.102810	0.111388
XM_003472834	s3_001491622	0.018179	0.008261	0.108526	0.169434	0.173885	0.119001	0.093813	0.147015	0.133535	0.081565	0.095472	0.053261	0.035639	0.109170	0.045677	0.065591
XM_003470562	s3_001606520	0.029025	0.040103	0.217606	0.471092	0.311204	0.210687	0.117522	0.077508	0.153354	0.126318	0.089207	0.133251	0.123907	0.235408	0.201618	0.158230
XM_003466588	s10_000880850	0.011857	0.021639	0.145932	0.203282	0.205261	0.105471	0.125266	0.130714	0.100891	0.084935	0.109881	0.051653	0.050565	0.148418	0.074284	0.109859
XM_003475303	s3_001707321	0.033354	0.049949	0.309350	0.436470	0.396947	0.305325	0.108453	0.216431	0.148706	0.098769	0.118835	0.108303	0.079120	0.258039	0.127096	0.104069
XM_003469726	s3_001830214	0.006778	0.006749	0.080773	0.154969	0.211855	0.129902	0.076283	0.091566	0.093641	0.056677	0.060921	0.055679	0.028532	0.039445	0.034152	0.039370
XM_013152353	s3_001838240	0.052230	0.052621	0.132457	0.317838	0.273008	0.178214	0.131406	0.125308	0.183620	0.075797	0.070175	0.053454	0.053492	0.128618	0.121553	0.144126
XM_003469566	s3_001842724	0.018444	0.055406	0.241696	0.327626	0.256639	0.197123	0.120219	0.119505	0.155633	0.086090	0.122433	0.091513	0.092230	0.174617	0.105145	0.128325
XM_003469738	s3_001846368	0.011669	0.022725	0.127696	0.109148	0.113073	0.069470	0.046713	0.081531	0.076878	0.111895	0.072764	0.038980	0.032278	0.086442	0.094360	0.088216
XM_003470617	s3_001999538	0.010002	0.016608	0.173813	0.254361	0.185549	0.210935	0.077750	0.141012	0.076563	0.095803	0.093721	0.082949	0.074964	0.133120	0.096011	0.108507
XM_005008549	s3_002083636	0.020233	0.030389	0.270397	0.483148	0.518469	0.218335	0.139266	0.168354	0.163384	0.164116	0.116128	0.114135	0.082113	0.263355	0.208506	0.152779
XM_005001953	s3_002149192	0.012327	0.010872	0.090092	0.197989	0.139224	0.076277	0.032773	0.046117	0.044362	0.014914	0.038014	0.060428	0.031024	0.072991	0.059727	0.078741
XM_003479624	s4_000291509	0.010307	0.027309	0.134779	0.291206	0.257100	0.133324	0.122029	0.137426	0.160829	0.131234	0.154143	0.099866	0.046018	0.131204	0.080147	0.079192
XM_003466546	s10_000945310	0.041507	0.061856	0.149564	0.280336	0.188903	0.178366	0.095750	0.115667	0.132989	0.079355	0.076750	0.063395	0.057109	0.135411	0.049588	0.089344
XM_003476244	s4_000513342	0.008938	0.009401	0.036774	0.079815	0.041101	0.058740	0.049531	0.052023	0.043459	0.017461	0.027170	0.016607	0.016728	0.061489	0.000982	0.068095
XM_003466942	s4_000704366	0.055365	0.055894	0.259104	0.379856	0.290902	0.191499	0.151667	0.229271	0.131566	0.100026	0.177347	0.179114	0.179092	0.274260	0.131061	0.227657
XM_013149430	s4_000775536	0.024006	0.033274	0.147525	0.291411	0.295147	0.156454	0.129892	0.094587	0.104817	0.168823	0.060226	0.117348	0.074635	0.234218	0.104625	0.167294
XM_003466891	s4_000791301	0.016784	0.032271	0.234084	0.323532	0.239923	0.188889	0.082749	0.063722	0.115778	0.074959	0.053153	0.086186	0.098267	0.136843	0.067009	0.134975
XM_003466886	s4_000800220	0.032374	0.000041	0.143721	0.158012	0.197563	0.118616	0.079892	0.087292	0.064667	0.062001	0.056219	0.128242	0.071127	0.123103	0.053673	0.197186
XM_003466879	s4_000817347	0.025869	0.024764	0.078572	0.088783	0.180595	0.096414	0.058914	0.048550	0.076955	0.063583	0.077562	0.049573	0.065974	0.068400	0.057055	0.071047
XM_003466868	s4_000826826	0.002819	0.015485	0.257495	0.279280	0.500787	0.179408	0.104124	0.087236	0.117595	0.118760	0.063887	0.152594	0.104418	0.224304	0.138570	0.179378
XM_003466861	s4_000833307	0.000006	0.037423	0.179036	0.230805	0.248324	0.136616	0.105841	0.088042	0.081224	0.048053	0.121860	0.152137	0.115075	0.155176	0.108805	0.118327
XM_005008446	s4_000860732	0.021403	0.033278	0.256314	0.525986	0.394602	0.197978	0.096264	0.159824	0.147883	0.108317	0.119495	0.109745	0.080045	0.191149	0.127443	0.138359
XM_013157326	s4_000880522	0.015091	0.015321	0.133849	0.234502	0.319407	0.148082	0.128903	0.106343	0.099969	0.108239	0.118499	0.101575	0.118833	0.164943	0.082500	0.121383
XM_013149076	s10_000966333	0.039445	0.031394	0.227730	0.265641	0.346453	0.194327	0.075277	0.059812	0.115449	0.131135	0.144955	0.059219	0.047798	0.137904	0.063570	0.105878
XM_003462948	s4_000950261	0.018330	0.029037	0.123062	0.240629	0.206534	0.202293	0.149010	0.107601	0.215389	0.166925	0.195522	0.073763	0.085406	0.188252	0.105877	0.149029
XM_003477804	s4_001043420	0.016673	0.021015	0.081214	0.255553	0.297529	0.102564	0.053528	0.071274	0.066337	0.076078	0.098438	0.068854	0.095070	0.239612	0.088898	0.070124
XM_013157373	s4_001159532	0.011691	0.046532	0.381098	1.291814	0.330960	0.340231	0.136050	0.135080	0.175704	0.143319	0.124651	0.183983	0.130115	0.338280	0.093969	0.213163
XM_003476163	s4_001276492	0.029019	0.002584	0.120792	0.136348	0.207983	0.118037	0.211639	0.111617	0.066186	0.045468	0.098307	0.027438	0.029764	0.080020	0.101807	0.080925
XM_003476201	s4_001330298	0.012071	0.011418	0.088008	0.122836	0.137541	0.123962	0.097277	0.042016	0.109745	0.090637	0.033030	0.068999	0.034845	0.078287	0.127136	0.085634
XM_003463430	s4_001452314	0.006978	0.022190	0.142576	0.291639	0.200494	0.135045	0.057896	0.087647	0.102534	0.060127	0.087635	0.066444	0.052494	0.081922	0.134049	0.081703
XM_003463421	s4_001460301	0.012639	0.049863	0.126574	0.327147	0.236449	0.146559	0.056308	0.076561	0.090511	0.067347	0.080615	0.047802	0.048984	0.123066	0.070578	0.066954
XM_003463464	s4_001491285	0.039075	0.000002	0.237946	0.179851	0.276097	0.325509	0.044720	0.123138	0.146096	0.119236	0.004651	0.104375	0.115718	0.097259	0.091832	0.169302
XM_003470003	s4_002150581	0.013643	0.011647	0.150045	0.138159	0.121962	0.089516	0.075222	0.153100	0.073953	0.087755	0.072734	0.055709	0.060678	0.094510	0.068859	0.076448
XM_003480144	s5_000093332	0.037431	0.000005	0.098092	0.224462	0.414181	0.147212	0.072915	0.109596	0.170573	0.128799	0.135008	0.122600	0.092101	0.326391	0.088953	0.245270
XM_003466539	s10_000973289	0.011335	0.049652	0.161262	0.240332	0.442211	0.184501	0.079187	0.072541	0.156460	0.116816	0.087840	0.095338	0.087450	0.137673	0.059885	0.130738
