Hhyd_Code	GC_content_total	GC_first_codon_pos	GC_second_codon_pos	GC_third_codon_pos	Gene_length	Prot_length
s10_001997351	65.05681818181819	73.86363636363636	48.29545454545455	73.01136363636364	1056	352.0
s10_001740335	50.595238095238095	50.892857142857146	38.98809523809524	61.904761904761905	1008	336.0
s10_001739431	51.851851851851855	56.71296296296296	39.81481481481482	59.02777777777778	1296	432.0
s10_000880850	60.28202115158637	64.5123384253819	52.408930669800235	63.92479435957697	2553	851.0
s10_000945310	47.90996784565916	44.69453376205788	38.90675241157556	60.12861736334405	933 	311.0
s10_000966333	49.00199600798403	46.10778443113772	38.92215568862275	61.97604790419162	1002	334.0
s10_000975325	43.4560327198364	46.31901840490798	35.2760736196319	48.77300613496933	978 	326.0
s10_000973289	48.735632183908045	46.89655172413793	39.6551724137931	59.6551724137931	870 	290.0
s10_001041184	52.252252252252255	47.027027027027025	36.75675675675676	72.97297297297297	555 	185.0
s10_000050409	39.1869918699187	46.829268292682926	37.073170731707314	33.65853658536585	1230	410.0
s10_000064895	58.779761904761905	76.89732142857143	71.42857142857143	28.013392857142858	2688	896.0
s10_000088356	60.41083099906629	60.22408963585434	42.296918767507	78.71148459383754	1071	357.0
s10_000118325	66.97341513292433	60.736196319018404	58.895705521472394	81.28834355828221	978 	326.0
s10_002268316	55.48523206751055	60.44303797468354	28.79746835443038	77.21518987341773	948 	316.0
s10_001786495	54.973118279569896	57.86290322580645	41.53225806451613	65.5241935483871	1488	496.0
s10_001546284	58.47953216374269	56.14035087719298	41.40350877192982	77.89473684210526	855 	285.0
s10_001890362	74.01285583103765	74.10468319559229	57.30027548209367	90.633608815427	1089	363.0
s10_001900743	68.81720430107526	70.43010752688173	48.52150537634409	87.5	2232	744.0
s10_001145267	61.81592039800995	67.91044776119404	39.17910447761194	78.35820895522389	804 	268.0
s10_001232232	64.2346208869814	66.09442060085837	46.78111587982833	79.8283261802575	699 	233.0
s10_001080814	65.93047034764827	69.93865030674847	49.32515337423313	78.52760736196319	2445	815.0
s10_001305331	63.95582329317269	64.1566265060241	59.93975903614458	67.7710843373494	996 	332.0
s10_001374494	58.72053872053872	60.0	48.686868686868685	67.47474747474747	1485	495.0
s10_002236714	47.17948717948718	56.92307692307692	36.78321678321678	47.83216783216783	2145	715.0
s10_001632186	59.001782531194294	56.149732620320854	44.919786096256686	75.93582887700535	561 	187.0
s10_001661340	42.619745845552295	45.16129032258065	31.671554252199414	51.02639296187683	1023	341.0
s10_001464303	58.55263157894737	65.78947368421052	34.21052631578947	75.65789473684211	912 	304.0
s10_001985446	51.97613721103654	56.82326621923937	42.50559284116331	56.59955257270693	1341	447.0
s10_000598256	70.8171206225681	70.8171206225681	51.36186770428016	90.27237354085604	771 	257.0
s10_000644338	54.27728613569322	53.392330383480825	39.233038348082594	70.20648967551622	1017	339.0
s10_000779824	51.35353535353536	57.57575757575758	38.18181818181818	58.303030303030305	2475	825.0
s10_000498667	45.30938123752495	47.604790419161674	41.01796407185629	47.30538922155689	2004	668.0
s1_002073261	54.58015267175573	62.97709923664122	44.274809160305345	56.48854961832061	786 	262.0
s1_000139121	57.650273224043715	61.47540983606557	40.16393442622951	71.31147540983606	366 	122.0
s1_000207191	53.125	56.25	35.9375	67.1875	576 	192.0
s1_000450279	53.214285714285715	57.5	42.857142857142854	59.285714285714285	840 	280.0
s1_001003340	49.65786901270772	52.78592375366569	39.002932551319645	57.18475073313783	1023	341.0
s1_001496225	43.36283185840708	47.78761061946903	37.610619469026545	44.690265486725664	678 	226.0
s1_000350370	48.24797843665768	56.60377358490566	44.74393530997305	43.39622641509434	1113	371.0
s1_001148607	55.53728070175438	56.41447368421053	39.14473684210526	71.05263157894737	1824	608.0
s1_001173483	53.71900826446281	57.02479338842975	41.52892561983471	62.603305785123965	1452	484.0
s1_001229799	65.08333333333333	63.625	49.75	81.875	2400	800.0
s1_002034332	55.05505505505506	51.951951951951955	41.44144144144144	71.77177177177177	999 	333.0
s1_000926420	49.4061757719715	57.00712589073634	39.66745843230404	51.54394299287411	1263	421.0
s1_000931270	49.44649446494465	54.981549815498155	44.28044280442804	49.07749077490775	813 	271.0
s1_001394277	49.280575539568346	55.75539568345324	38.489208633093526	53.597122302158276	834 	278.0
s1_002283658	56.14567526555387	58.2701062215478	36.874051593323216	73.2928679817906	1977	659.0
s1_001454174	48.95238095238095	54.857142857142854	41.142857142857146	50.857142857142854	525 	175.0
s2_002681216	53.91705069124424	56.22119815668203	36.40552995391705	69.12442396313364	651 	217.0
s2_002633172	52.98651252408478	58.959537572254334	39.30635838150289	60.69364161849711	519 	173.0
s2_001796472	61.381254404510216	63.84778012684989	38.6892177589852	81.60676532769556	1419	473.0
s2_001814440	66.51549508692366	68.93424036281179	49.88662131519274	80.72562358276645	1323	441.0
s2_001820417	68.2615629984051	66.02870813397129	54.30622009569378	84.44976076555024	1254	418.0
s2_001833827	58.333333333333336	56.88405797101449	37.80193236714976	80.31400966183575	2484	828.0
s2_001850343	65.89147286821705	69.18604651162791	51.16279069767442	77.32558139534883	1032	344.0
s2_000781395	59.51178451178451	64.64646464646465	46.96969696969697	66.91919191919192	1188	396.0
s2_000833322	49.63880288957689	56.656346749226	25.69659442724458	66.56346749226006	969 	323.0
s2_001740376	66.84350132625995	62.59946949602122	43.76657824933687	94.16445623342175	1131	377.0
s2_001761295	43.01801801801802	42.9054054054054	37.83783783783784	48.310810810810814	888 	296.0
s2_0020541740	56.2703427149148	65.13497989661114	31.131533601378518	72.54451464675473	5223	1741.0
s2_000452910	48.04244420051226	54.665203073545555	39.077936333699235	50.38419319429199	2733	911.0
s2_000194189	44.56140350877193	51.578947368421055	41.578947368421055	40.526315789473685	570 	190.0
s2_000256492	61.86612576064909	61.4604462474645	54.563894523326574	69.57403651115618	1479	493.0
s2_002333112	44.54277286135693	46.902654867256636	33.6283185840708	53.097345132743364	339 	113.0
s2_002354311	52.99145299145299	61.53846153846154	44.55128205128205	52.88461538461539	936 	312.0
s2_000403381	55.32286212914485	50.78534031413613	48.42931937172775	66.75392670157068	1146	382.0
s2_002389609	61.74863387978142	70.1639344262295	44.42622950819672	70.65573770491804	1830	610.0
s2_000028553	47.0517448856799	54.332129963898915	37.18411552346571	49.63898916967509	1662	554.0
s2_000051341	43.07992202729045	49.41520467836257	29.82456140350877	50.0	1026	342.0
s2_000078242	57.20164609053498	57.61316872427984	45.267489711934154	68.72427983539094	729 	243.0
s2_002532317	50.83857442348008	45.59748427672956	38.36477987421384	68.55345911949685	954 	318.0
s2_002580425	49.29577464788732	44.83568075117371	37.55868544600939	65.49295774647888	1278	426.0
s2_002581314	57.98941798941799	51.74603174603175	42.857142857142854	79.36507936507937	945 	315.0
s2_002087745	58.53440571939232	59.38337801608579	41.420911528150135	74.79892761394102	2238	746.0
s2_002126693	58.64553314121037	59.79827089337176	45.96541786743516	70.17291066282421	2082	694.0
s2_001162321	58.178053830227746	55.590062111801245	45.3416149068323	73.6024844720497	966 	322.0
s2_001323315	57.59493670886076	53.79746835443038	45.56962025316456	73.41772151898734	948 	316.0
s2_0013392394	65.0661099512874	70.93945720250522	47.18162839248434	77.07724425887265	7185	2395.0
s2_001365125	57.93650793650794	53.17460317460318	41.26984126984127	79.36507936507937	378 	126.0
s2_001534401	61.44278606965174	60.19900497512438	39.55223880597015	84.57711442786069	1206	402.0
s2_001539126	68.76640419947506	66.92913385826772	55.90551181102362	83.46456692913385	381 	127.0
s2_001570343	66.95736434108527	64.82558139534883	50.0	86.04651162790698	1032	344.0
s3_002149192	56.994818652849744	55.44041450777202	44.04145077720207	71.50259067357513	579 	193.0
s3_001606520	61.484325015994884	61.8042226487524	44.72168905950096	77.92706333973129	1563	521.0
s3_001838240	58.50622406639004	57.261410788381745	41.90871369294606	76.34854771784232	723 	241.0
s3_001830214	51.16279069767442	58.13953488372093	45.116279069767444	50.23255813953488	645 	215.0
s3_001846368	56.00722673893406	59.89159891598916	47.15447154471545	60.97560975609756	1107	369.0
s3_001842724	65.97701149425288	68.96551724137932	45.10344827586207	83.86206896551724	2175	725.0
s3_000485796	65.913843580092	73.02383939774153	52.57214554579674	72.14554579673776	2391	797.0
s3_000161120	41.8732782369146	41.32231404958678	34.710743801652896	49.586776859504134	363 	121.0
s3_001707321	66.87370600414079	63.66459627329193	47.82608695652174	89.1304347826087	966 	322.0
s3_001309161	52.46913580246913	50.617283950617285	35.80246913580247	70.98765432098766	486 	162.0
s3_000975994	52.663316582914575	53.36683417085427	37.185929648241206	67.43718592964824	2985	995.0
s3_001049712	63.207106124357175	65.77840112201963	46.84431977559607	76.99859747545582	2139	713.0
s3_001261253	64.43569553805774	59.84251968503937	43.7007874015748	89.76377952755905	762 	254.0
s3_001999538	57.63760049474335	58.070500927643785	40.25974025974026	74.58256029684601	1617	539.0
s3_001494183	62.5	72.28260869565217	47.28260869565217	67.93478260869566	552 	184.0
s3_001491622	44.72980203317282	52.648475120385235	39.48635634028892	42.0545746388443	1869	623.0
s3_002083636	60.33490319204605	63.57927786499215	45.52590266875981	71.89952904238619	1911	637.0
s3_000684692	50.841750841750844	55.266955266955264	36.36363636363637	60.894660894660895	2079	693.0
s3_000687285	63.4032634032634	69.93006993006993	46.85314685314685	73.42657342657343	858 	286.0
s3_000782307	61.25541125541125	54.87012987012987	49.35064935064935	79.54545454545455	924 	308.0
s3_002552273	63.62530413625304	67.51824817518248	50.36496350364963	72.99270072992701	822 	274.0
s4_000513342	58.79494655004859	53.352769679300295	48.97959183673469	74.05247813411079	1029	343.0
s4_001452314	50.68783068783069	54.92063492063492	37.46031746031746	59.682539682539684	945 	315.0
s4_001460301	49.88962472406181	53.64238410596027	39.735099337748345	56.29139072847682	906 	302.0
s4_001491285	69.58041958041959	65.03496503496504	59.79020979020979	83.91608391608392	858 	286.0
s4_001043420	44.65558194774347	55.819477434679335	42.517814726840854	35.62945368171022	1263	421.0
s4_001081270	52.398523985239855	48.33948339483395	46.86346863468635	61.99261992619926	813 	271.0
s4_000704366	61.76203451407811	59.94550408719346	39.237057220708444	86.10354223433242	1101	367.0
s4_000775536	67.78398510242086	65.92178770949721	52.513966480446925	84.91620111731844	1611	537.0
s4_000791301	69.5364238410596	65.89403973509934	58.27814569536424	84.43708609271523	906 	302.0
s4_000800220	65.57377049180327	64.91803278688525	53.77049180327869	78.0327868852459	915 	305.0
s4_000814422	68.40031520882584	64.53900709219859	52.24586288416076	88.4160756501182	1269	423.0
s4_000817347	56.70498084291188	55.45977011494253	41.0919540229885	73.5632183908046	1044	348.0
s4_000826826	68.11769447803304	71.22128174123337	45.34461910519951	87.78718258766627	2481	827.0
s4_000833307	63.63636363636363	69.15584415584415	36.36363636363637	85.3896103896104	924 	308.0
s4_000860732	49.97726239199636	53.34242837653479	38.47203274215553	58.11732605729877	2199	733.0
s4_000874232	68.95565092989986	64.8068669527897	48.927038626609445	93.13304721030043	699 	233.0
s4_002150581	63.287514318442156	65.4639175257732	50.51546391752577	73.88316151202748	1746	582.0
s4_000291509	39.6078431372549	41.568627450980394	38.8235294117647	38.431372549019606	1530	510.0
s4_001276492	59.29682217714672	67.54563894523326	49.49290060851927	60.851926977687626	1479	493.0
s4_001330298	50.72463768115942	60.20066889632107	35.785953177257525	56.187290969899664	897 	299.0
s4_000925442	67.2686230248307	60.270880361173816	52.8216704288939	88.71331828442437	1329	443.0
s4_000950261	52.92620865139949	58.396946564885496	34.732824427480914	65.64885496183206	786 	262.0
s4_000880522	49.521988527724666	55.44933078393881	40.91778202676864	52.19885277246654	1569	523.0
s4_001138304	69.39890710382514	68.85245901639344	57.704918032786885	81.63934426229508	915 	305.0
s4_001159532	65.41588492808005	63.789868667917446	48.405253283302066	84.05253283302063	1599	533.0
s4_000134270	47.97047970479705	45.38745387453874	44.28044280442804	54.24354243542435	813 	271.0
s5_001060381	59.94764397905759	60.20942408376963	34.81675392670157	84.81675392670157	1146	382.0
s5_001085589	67.11864406779661	70.33898305084746	57.28813559322034	73.72881355932203	1770	590.0
s5_000686150	44.5916114790287	50.33112582781457	35.09933774834437	48.34437086092715	453 	151.0
s5_001186263	57.82828282828283	61.36363636363637	41.666666666666664	70.45454545454545	792 	264.0
s5_001217541	61.86961869618696	60.33210332103321	44.83394833948339	80.44280442804428	1626	542.0
s5_000318586	59.852356615559344	60.477001703577514	48.55195911413969	70.52810902896081	1761	587.0
s5_000339789	58.312236286919834	56.075949367088604	41.89873417721519	76.9620253164557	2370	790.0
s5_000350160	65.21739130434783	73.91304347826087	50.93167701863354	70.80745341614907	483 	161.0
s5_000429303	54.71491228070175	55.5921052631579	45.723684210526315	62.828947368421055	912 	304.0
s5_000506153	50.0	59.74025974025974	24.025974025974026	66.23376623376623	462 	154.0
s5_000861457	57.714701601164485	53.7117903930131	42.5764192139738	76.85589519650655	1374	458.0
s5_000572608	51.8336070060208	54.8440065681445	38.25944170771757	62.397372742200325	1827	609.0
s5_000590299	61.0	56.666666666666664	49.0	77.33333333333333	900 	300.0
s5_000946866	53.09496347558631	56.74740484429066	43.483275663206456	59.05420991926182	2601	867.0
s5_000951325	50.920245398773005	52.147239263803684	41.41104294478528	59.20245398773006	978 	326.0
s5_000957241	48.89807162534435	49.586776859504134	35.53719008264463	61.570247933884296	726 	242.0
s5_000932473	49.50773558368495	60.75949367088607	38.81856540084388	48.9451476793249	1422	474.0
s5_000093332	53.253253253253256	59.45945945945946	32.732732732732735	67.56756756756756	999 	333.0
s5_000104312	43.23748668796592	44.40894568690096	35.78274760383387	49.52076677316294	939 	313.0
s6_001922357	62.01117318435754	61.452513966480446	55.02793296089386	69.55307262569832	1074	358.0
s6_001947473	69.62025316455696	70.042194092827	57.38396624472574	81.43459915611814	1422	474.0
s6_000624810	61.57007809288944	66.46115906288533	52.77435265104809	65.47472256473489	2433	811.0
s6_000638333	60.778443113772454	63.17365269461078	44.61077844311377	74.55089820359281	1002	334.0
s6_001465682	45.19277696437287	50.658857979502194	38.79941434846266	46.120058565153734	2049	683.0
s6_001008534	51.09034267912772	59.4392523364486	35.700934579439256	58.13084112149533	1605	535.0
s6_001129185	50.3584229390681	56.98924731182796	34.40860215053763	59.67741935483871	558 	186.0
s6_001599442	66.36568848758465	66.81715575620767	61.17381489841986	71.10609480812641	1329	443.0
s6_001601263	57.95454545454545	61.36363636363637	48.484848484848484	64.01515151515152	792 	264.0
s6_001637206	58.45410628019324	67.6328502415459	38.64734299516908	69.08212560386474	621 	207.0
s6_001652595	54.474272930648766	64.26174496644295	44.12751677852349	55.033557046979865	1788	596.0
s6_001538343	57.65503875968992	52.906976744186046	34.01162790697674	86.04651162790698	1032	344.0
s6_001550591	66.04729729729729	61.486486486486484	49.32432432432432	87.33108108108108	1776	592.0
s6_001861261	73.02798982188295	79.77099236641222	56.87022900763359	82.44274809160305	786 	262.0
s6_000495359	53.888888888888886	55.0	39.44444444444444	67.22222222222223	1080	360.0
s6_000773258	61.64736164736165	66.79536679536679	49.034749034749034	69.11196911196912	777 	259.0
s6_000792246	49.932523616734144	51.417004048582996	44.534412955465584	53.84615384615385	741 	247.0
s6_000821641	60.64382139148494	61.059190031152646	45.638629283489095	75.23364485981308	1926	642.0
s6_000882182	48.08743169398907	44.80874316939891	41.53005464480874	57.923497267759565	549 	183.0
s6_000910359	59.907407407407405	65.27777777777777	45.27777777777778	69.16666666666667	1080	360.0
s6_001222536	71.7566728739913	68.90130353817504	49.534450651769085	96.8342644320298	1611	537.0
s6_001258542	64.51810926949048	63.53591160220994	51.93370165745856	78.08471454880295	1629	543.0
s6_002394281	50.945626477541374	57.09219858156028	42.198581560283685	53.54609929078014	846 	282.0
s6_000016273	61.92214111922141	59.12408759124087	47.44525547445255	79.1970802919708	822 	274.0
s6_000047136	59.12408759124087	59.12408759124087	43.7956204379562	74.45255474452554	411 	137.0
s6_000155348	64.37440305635148	65.9025787965616	46.70487106017192	80.51575931232092	1047	349.0
s6_000180316	63.932702418506835	67.19242902208202	47.94952681388013	76.65615141955836	951 	317.0
s6_000258118	50.98039215686274	52.10084033613445	42.857142857142854	57.983193277310924	357 	119.0
s6_000335513	46.17380025940337	46.30350194552529	39.494163424124515	52.72373540856031	1542	514.0
s7_001635989	47.37373737373738	58.08080808080808	43.83838383838384	40.2020202020202	2970	990.0
s7_001668260	57.8544061302682	57.8544061302682	44.44444444444444	71.26436781609195	783 	261.0
s7_000711763	62.26003490401396	59.68586387434555	42.80104712041885	84.29319371727749	2292	764.0
s7_000769173	65.51724137931035	67.24137931034483	45.97701149425287	83.33333333333333	522 	174.0
s7_001457954	53.961605584642236	55.07853403141361	48.90052356020942	57.90575916230367	2865	955.0
s7_002296538	46.444032158317874	52.50463821892394	41.001855287569576	45.82560296846011	1617	539.0
s7_001217420	52.25653206650831	60.33254156769596	34.441805225653205	61.99524940617577	1263	421.0
s7_001245186	58.46702317290553	61.49732620320856	41.711229946524064	72.19251336898395	561 	187.0
s7_001274537	61.71003717472119	65.24163568773234	47.026022304832715	72.86245353159852	1614	538.0
s7_0023701146	50.68294100552165	53.792502179598955	42.28421970357454	55.972101133391455	3441	1147.0
s7_002372195	57.31292517006803	66.83673469387755	37.755102040816325	67.34693877551021	588 	196.0
s7_000488381	55.06108202443281	63.35078534031414	43.97905759162304	57.853403141361255	1146	382.0
s7_000534355	38.857677902621724	52.80898876404494	33.146067415730336	30.617977528089888	1068	356.0
s7_002451367	63.31521739130435	62.22826086956522	47.82608695652174	79.8913043478261	1104	368.0
s7_001585313	62.31422505307856	57.64331210191083	64.64968152866243	64.64968152866243	942 	314.0
s7_002287257	68.21705426356588	64.34108527131782	50.775193798449614	89.53488372093024	774 	258.0
s7_001100174	50.285714285714285	55.42857142857143	37.142857142857146	58.285714285714285	525 	175.0
s7_001184470	49.82307147912243	48.19532908704883	41.40127388535032	59.87261146496815	1413	471.0
s7_000350313	47.66454352441614	49.044585987261144	33.12101910828026	60.82802547770701	942 	314.0
s7_000407564	62.123893805309734	61.415929203539825	42.123893805309734	82.83185840707965	1695	565.0
s8_000980374	48.355555555555554	55.733333333333334	31.466666666666665	57.86666666666667	1125	375.0
s8_001967611	51.74291938997821	52.61437908496732	39.54248366013072	63.071895424836605	1836	612.0
s8_000801353	48.58757062146893	51.41242937853107	41.80790960451977	52.54237288135593	1062	354.0
s8_000837422	62.33254531126872	58.156028368794324	47.04491725768322	81.7966903073286	1269	423.0
s8_002663203	54.57516339869281	49.509803921568626	40.19607843137255	74.01960784313725	612 	204.0
s8_002408738	63.013080739738385	63.734776725304464	37.75372124492557	87.55074424898511	2217	739.0
s8_002448329	56.26262626262626	52.72727272727273	46.36363636363637	69.6969696969697	990 	330.0
s8_001215406	54.21785421785422	62.40786240786241	44.71744471744472	55.52825552825553	1221	407.0
s8_002151339	73.33333333333333	73.82352941176471	54.705882352941174	91.47058823529412	1020	340.0
s8_002154503	56.23229461756374	56.475583864118896	40.12738853503185	72.12765957446808	1512	504.0
s8_000422454	57.06959706959707	65.71428571428571	51.64835164835165	53.84615384615385	1365	455.0
s8_000493283	57.394366197183096	61.267605633802816	38.38028169014085	72.53521126760563	852 	284.0
s8_000055359	63.7037037037037	59.44444444444444	40.55555555555556	91.11111111111111	1080	360.0
s8_000189476	47.938504542278125	46.9601677148847	42.138364779874216	54.716981132075475	1431	477.0
s8_000229332	44.54454454454454	42.34234234234234	37.23723723723724	54.054054054054056	999 	333.0
s8_001912479	66.31944444444444	66.66666666666667	43.541666666666664	88.75	1440	480.0
s9_000244417	41.068580542264755	49.760765550239235	37.08133971291866	36.36363636363637	1254	418.0
s9_000659579	63.5632183908046	67.75862068965517	56.03448275862069	66.89655172413794	1740	580.0
s9_000705292	59.044368600682596	59.044368600682596	43.003412969283275	75.08532423208192	879 	293.0
s9_000739548	46.50880388585307	51.7304189435337	35.154826958105645	52.64116575591986	1647	549.0
s9_000118311	43.05555555555556	53.205128205128204	32.37179487179487	43.58974358974359	936 	312.0
s9_000124289	59.310344827586206	53.10344827586207	52.41379310344828	72.41379310344827	870 	290.0
s9_000463605	55.72057205720572	53.46534653465346	50.33003300330033	63.366336633663366	1818	606.0
s9_000479652	53.49668198060235	53.29249617151608	42.57274119448698	64.62480857580398	1959	653.0
s9_000494176	56.49717514124294	57.06214689265537	42.3728813559322	70.05649717514125	531 	177.0
s9_000016983	50.33875338753388	49.28861788617886	37.5	64.22764227642277	2952	984.0
s9_000311382	59.181897302001744	59.268929503916446	54.30809399477807	63.9686684073107	1149	383.0
s9_001585248	53.94912985274431	61.44578313253012	41.76706827309237	58.63453815261044	747 	249.0
s9_001453116	59.82905982905983	64.1025641025641	41.88034188034188	73.5042735042735	351 	117.0
s9_001348204	43.577235772357724	47.80487804878049	33.170731707317074	49.75609756097561	615 	205.0
