> shifts.plot(phy=rate_shift_hys, base.dir=paste(r,"combined.rjmcmc",sep="."), burnin=0.5, legend=TRUE, edge.width=2,level=0.1,direction="upwards") 
READING estimates...
$res
    branch shift.direction shift.probability
1       71       0.0000000         0.0000000
2       72       0.0000000         0.0000000
3       73       0.0000000         0.0000000
4       74      -0.9958463         0.1130016
5       75       0.0000000         0.0000000
6       76       0.0000000         0.0000000
7       77       0.0000000         0.0000000
8       78       0.0000000         0.0000000
9        1       0.0000000         0.0000000
10       2       0.0000000         0.0000000
11       3       0.0000000         0.0000000
12      79       0.0000000         0.0000000
13      80       0.0000000         0.0000000
14      81       0.0000000         0.0000000
15      82       0.0000000         0.0000000
16       4       0.0000000         0.0000000
17       5       0.0000000         0.0000000
18       6       0.0000000         0.0000000
19      83       0.0000000         0.0000000
20      84       0.0000000         0.0000000
21      85       0.0000000         0.0000000
22       7       0.0000000         0.0000000
23       8       0.0000000         0.0000000
24       9       0.0000000         0.0000000
25      10       0.0000000         0.0000000
26      86       0.0000000         0.0000000
27      87       0.0000000         0.0000000
28      11       0.0000000         0.0000000
29      12       0.0000000         0.0000000
30      13       0.0000000         0.0000000
31      88       0.0000000         0.0000000
32      89       0.0000000         0.0000000
33      90       0.0000000         0.0000000
34      91       0.0000000         0.0000000
35      14       0.0000000         0.0000000
36      15       0.0000000         0.0000000
37      92       0.0000000         0.0000000
38      93       0.0000000         0.0000000
39      16       0.0000000         0.0000000
40      17       0.0000000         0.0000000
41      94       0.0000000         0.0000000
42      18       0.0000000         0.0000000
43      19       0.0000000         0.0000000
44      95       0.0000000         0.0000000
45      96       0.0000000         0.0000000
46      97       0.0000000         0.0000000
47      98       0.0000000         0.0000000
48      99       0.0000000         0.0000000
49      20       0.0000000         0.0000000
50      21       0.0000000         0.0000000
51      22       0.0000000         0.0000000
52     100       0.0000000         0.0000000
53     101       0.0000000         0.0000000
54     102       0.0000000         0.0000000
55      23       0.0000000         0.0000000
56      24       0.0000000         0.0000000
57      25       0.0000000         0.0000000
58     103       0.0000000         0.0000000
59      26       0.0000000         0.0000000
60     104       0.0000000         0.0000000
61      27       0.0000000         0.0000000
62      28       0.0000000         0.0000000
63     105       0.0000000         0.0000000
64     106       0.0000000         0.0000000
65      29       0.0000000         0.0000000
66      30       0.0000000         0.0000000
67     107       0.0000000         0.0000000
68      31       0.0000000         0.0000000
69      32       0.0000000         0.0000000
70     108       0.0000000         0.0000000
71     109       0.0000000         0.0000000
72      33       0.0000000         0.0000000
73     110       0.0000000         0.0000000
74     111       0.0000000         0.0000000
75     112       0.0000000         0.0000000
76      34       0.0000000         0.0000000
77      35       0.0000000         0.0000000
78     113       0.0000000         0.0000000
79      36       0.0000000         0.0000000
80      37       0.0000000         0.0000000
81      38       0.0000000         0.0000000
82      39       0.9985816         0.1654541
83      40       0.0000000         0.0000000
84     114       0.0000000         0.0000000
85      41       0.0000000         0.0000000
86      42       0.0000000         0.0000000
87     115       0.0000000         0.0000000
88     116       0.0000000         0.0000000
89      43       0.0000000         0.0000000
90     117       0.0000000         0.0000000
91      44       0.0000000         0.0000000
92      45       0.0000000         0.0000000
93      46       0.0000000         0.0000000
94     118       0.0000000         0.0000000
95     119       0.0000000         0.0000000
96     120       0.0000000         0.0000000
97      47       0.0000000         0.0000000
98      48       0.0000000         0.0000000
99      49       0.0000000         0.0000000
100    121       0.0000000         0.0000000
101    122       0.0000000         0.0000000
102     50       0.0000000         0.0000000
103     51       0.0000000         0.0000000
104    123       0.0000000         0.0000000
105    124       0.0000000         0.0000000
106     52       0.0000000         0.0000000
107     53       0.0000000         0.0000000
108    125       0.0000000         0.0000000
109    126       0.0000000         0.0000000
110     54       0.0000000         0.0000000
111    127       0.0000000         0.0000000
112    128       0.0000000         0.0000000
113    129       0.0000000         0.0000000
114     55       0.0000000         0.0000000
115     56       0.0000000         0.0000000
116     57       0.0000000         0.0000000
117     58       0.0000000         0.0000000
118    130       0.9994695         0.4425018
119     59       0.0000000         0.0000000
120    131       0.0000000         0.0000000
121     60       0.0000000         0.0000000
122     61       0.0000000         0.0000000
123    132       0.0000000         0.0000000
124    133       0.0000000         0.0000000
125     62       0.0000000         0.0000000
126     63       0.0000000         0.0000000
127    134       0.0000000         0.0000000
128     64       0.0000000         0.0000000
129    135       0.0000000         0.0000000
130     65       0.0000000         0.0000000
131    136       0.0000000         0.0000000
132     66       0.0000000         0.0000000
133    137       0.0000000         0.0000000
134     67       0.0000000         0.0000000
135     68       0.0000000         0.0000000
136     69       0.0000000         0.0000000

$desc
$desc$descendants
$desc$descendants$`130`
[1] "Dolichotis_patagonum"      "Kerodon_rupestris"         "Hydrochoerus_hydrochaeris"

$desc$descendants$`74`
 [1] "Ctenomys_steinbachi"       "Ctenomys_boliviensis"      "Ctenomys_haigi"           
 [4] "Octodon_bridgesi"          "Octodon_lunatus"           "Octodon_degus"            
 [7] "Aconaemys_fuscus"          "Aconaemys_sagei"           "Aconaemys_porteri"        
[10] "Spalacopus_cyanus"         "Tympanoctomys_barrerae"    "Octomys_mimax"            
[13] "Octodontomys_gliroides"    "Euryzygomatomys_spinosus"  "Clyomys_laticeps"         
[16] "Trinomys_setosus"          "Trinomys_eliasi"           "Trinomys_dimidiatus"      
[19] "Trinomys_iheringi"         "Dactylomys_dactylinus"     "Dactylomys_boliviensis"   
[22] "Kannabateomys_amblyonyx"   "Toromys_grandis"           "Phyllomys_blainvilii"     
[25] "Echimys_chrysurus"         "Makalata_macrura"          "Phyllomys_brasiliensis"   
[28] "Makalata_didelphoides"     "Isothrix_sinnamariensis"   "Isothrix_bistriata"       
[31] "Lonchothrix_emiliae"       "Mesomys_hispidus"          "Thrichomys_apereoides"    
[34] "Proechimys_longicaudatus"  "Proechimys_roberti"        "Proechimys_simonsi"       
[37] "Proechimys_quadruplicatus" "Hoplomys_gymnurus"         "Myocastor_coypus"         
[40] "Capromys_pilorides"        "Abrocoma_cinerea"          "Abrocoma_bennettii"       


$desc$branch.shift.probability
      130        39        74 
0.4425018 0.1654541 0.1130016 
